1.00484426
1.01568467
1.02678309
1.03814896
1.04979204
1.06172265
1.07395149
1.08648994
1.09934987
1.11254294
1.12608457
1.05554224
0.98092980
0.99322404
1.00586015
1.01885244
1.03221572
1.04596546
1.06012053
1.07469822
1.08971768
1.10519925
1.12116458
1.13763673
0.94783333
0.96200408
0.97664731
0.99178683
1.00744834
1.02365940
1.04044954
1.05784949
1.07589470
1.09462015
1.11406625
1.13427537
1.02612791
0.91563044
0.93296820
0.95104391
0.96990540
0.98960429
1.01019959
1.03175189
1.05433133
1.07801224
1.10287706
1.12901714
1.15653310
0.83926584
0.86026181
0.88245753
0.90595859
0.93088425
0.95736764
0.98555971
1.01563107
1.04777657
1.08221810
1.11921123
1.15904949
0.68985296
0.71512142
0.74258716
0.77254623
0.80536207
0.84145968
0.88135295
0.92568302
0.97522804
1.03096593
1.09413621
1.16633096
1.24963182
0.27812517
0.29582603
0.31706685
0.34302809
0.37547954
0.41720168
0.47283267
0.55071606
0.66754165
0.86225228
1.25163366
2.41988782
nan
nan
nan
nan
nan
nan
nan
nan
nan
nan
nan
nan
nan
nan
nan
nan
nan
nan
nan
nan
nan
nan
nan
nan
nan
nan
nan
nan
nan
nan
nan
nan
nan
nan
nan
nan
nan
nan
nan
nan
nan
nan
nan
nan
nan
nan
nan
nan
nan
nan
nan
nan
nan
nan
nan
nan
nan
nan
nan
nan
nan
nan
nan
nan
