1.00265067
1.00823971
1.01389383
1.01961442
1.02540229
1.03125991
1.03718684
1.04318601
1.04925706
1.05540300
1.06162350
1.06792167
1.07429719
1.08075328
1.08728970
1.09390976
1.10061324
1.10740357
1.11428061
1.12124743
1.12830532
1.13545627
1.14270146
1.05661882
0.96711441
0.97336948
0.97970920
0.98613604
0.99265148
0.99925742
1.00595580
1.01274853
1.01963756
1.02662499
1.03371300
1.04090322
1.04819940
1.05560187
1.06311505
1.07073932
1.07847901
1.08633545
1.09431214
1.10241149
1.11063641
1.11898989
1.12747491
1.13609458
1.03022452
0.92505865
0.93224292
0.93954497
0.94696775
0.95451422
0.96218753
0.96999086
0.97792758
0.98600114
0.99421509
1.00257320
1.01107890
1.01973711
1.02855039
1.03752484
1.04666333
1.05597174
1.06545345
1.07511444
1.08495936
1.09499364
1.10522287
1.11565262
1.12628887
0.99435001
0.86190614
0.87027869
0.87882386
0.88754713
0.89645404
0.90555048
0.91484249
0.92433652
0.93403915
0.94395703
0.95409859
0.96446983
0.97508030
0.98593632
0.99704942
1.00842545
1.02007732
1.03201164
1.04424232
1.05677706
1.06962998
1.08281259
1.09633799
1.11021835
0.93438933
0.75617741
0.76596901
0.77603261
0.78637977
0.79702238
0.80797348
0.81924670
0.83085646
0.84281809
0.85514714
0.86786253
0.88097999
0.89452288
0.90850747
0.92296051
0.93790115
0.95335947
0.96935766
0.98592975
1.00310187
1.02091283
1.03939302
1.05858666
1.07853027
0.53281387
0.54284145
0.55328988
0.56417982
0.57554642
0.58741494
0.59982450
0.61281137
0.62641654
0.64068550
0.65566788
0.67141847
0.68799625
0.70547403
0.72391879
0.74342148
0.76406732
0.78596850
0.80923430
0.83400578
0.86042388
0.88866755
0.91892606
0.95142974
0.98642847
0.35231832
0.25747035
