1.00648460
1.02212874
1.03834048
1.05515542
1.07260209
1.09072261
1.10955098
1.04909806
0.98400998
1.00179320
1.02033340
1.03967793
1.05988540
1.08100825
1.10311511
1.12627471
0.95283487
0.97339566
0.99501064
1.01776319
1.04174387
1.06705992
1.09382032
1.12215632
0.90668044
0.93093872
0.95676244
0.98430619
1.01375236
1.04529772
1.07918509
1.11567374
0.99196270
0.86024043
0.89197222
0.92658880
0.96449864
1.00620669
1.05229768
1.10351854
1.16075593
0.71911754
0.75836033
0.80321397
0.85496847
0.91534268
0.98670610
1.07232891
1.17699492
0.29433977
0.31775837
0.34898285
0.39268282
0.45826702
0.56752865
0.78612873
1.44177541
nan
