1.00019346
1.00067165
1.00115307
1.00167172
1.00218956
1.00269930
1.00320029
1.00370622
1.00421122
1.00468906
1.00518027
1.00566476
1.00616121
1.00663876
1.00711138
1.00758104
1.00803988
1.00851264
1.00898985
1.00946999
1.00995261
1.01043938
1.01093551
1.01144118
1.01196197
1.01249566
1.01301412
1.01351370
1.01401167
1.01451097
1.01502720
1.01553951
1.01605978
1.01656463
1.01705983
1.01753887
1.01803344
1.01853613
1.01906651
1.01960250
1.02012710
1.02067565
1.02121791
1.02175103
1.02228576
1.02281132
1.02336349
1.02391218
1.02444138
1.02496727
1.02548778
1.02599037
1.02650799
1.02703904
1.02755953
1.02808791
1.02858836
1.02909454
1.02961247
1.03013714
1.03072359
1.03127168
1.03179757
1.03231122
1.03280084
1.03314068
1.03352956
1.03387909
1.03408379
1.03238712
1.03134569
1.03032411
1.02947171
1.02868495
1.02809568
1.02793387
1.02733807
1.02676467
1.02671937
1.02727722
1.02783297
1.02836524
1.02886813
1.02936709
1.02981212
1.03027740
1.03080685
1.03135194
1.03187399
1.03239417
1.03289335
1.03342495
1.03396198
1.03450860
1.03506640
1.03564111
1.03618655
1.03675221
1.03732351
1.03789904
1.03847936
1.03906669
1.03965212
1.04025101
1.04085029
1.04143342
1.04201412
1.04256873
1.04308432
1.04359213
1.04412347
1.04466212
1.04519998
1.04576349
1.04633474
1.04690156
1.04749483
1.04806665
1.04862788
1.04919904
1.04976442
1.05032344
1.05088549
1.05144968
1.05200704
1.05254661
1.05306410
1.05359158
1.05411039
1.05462217
1.05514801
1.05567574
1.05620478
1.05674845
1.05730240
1.05785735
1.05838981
1.05895204
1.05951776
1.06009661
1.06063843
1.06117947
1.06175519
1.06233799
1.06293557
1.06353861
1.06414429
1.06474536
1.06537193
1.06598454
