1.00229231
1.00733179
1.01273792
1.01829495
1.02379392
1.02922666
1.03498905
1.02364651
1.02897414
1.03429367
1.04020259
1.04638208
1.05190723
1.05780299
1.06401302
1.07050151
1.07689457
1.08324386
1.08977739
1.09627889
1.10324232
1.11047931
1.11728798
1.12403461
1.13095757
1.13852316
1.14553231
1.15287529
1.16021155
1.16716014
1.17485030
1.18251829
1.19040870
1.19871007
1.20706390
1.21542920
1.22385780
1.23228262
1.23799525
1.24421417
1.25300095
1.26227053
1.27162376
1.28121336
1.28980089
1.29978651
1.30915574
1.31824460
1.32811114
1.33870152
1.34951348
1.35870113
1.36508888
1.37548454
1.38592850
1.39726279
1.40860323
1.42001865
1.43095364
1.44290914
1.45553956
1.46773097
1.48040347
1.49310239
1.50570354
1.51863841
1.53252314
1.54603967
1.55992471
1.26583595
1.27544460
1.28622672
1.29848308
1.31144523
1.32423887
1.33702712
1.34979594
1.36150828
1.37533976
1.38936134
1.40093800
1.41567440
1.42984275
1.44438357
1.46008174
1.47605002
1.47540990
1.49172213
1.50618114
1.52268476
1.54053176
1.55802351
1.57638750
1.59567097
1.60075937
1.60160128
1.62138463
1.64235590
1.66247790
1.68450878
1.70604582
1.72929021
1.75251747
1.77656115
1.80081930
1.82681368
1.85197758
1.87816851
1.90579888
1.93403840
1.96349361
1.99474892
2.02501377
2.05748583
0.78555096
0.29076435
0.29389432
0.29848847
0.30297113
0.30661921
0.30984195
0.31401427
0.31825371
0.32386465
0.32958911
0.33641718
0.34290859
0.34884469
0.35590669
0.35523154
0.36003412
0.36842042
0.37641534
0.38340903
0.39186124
0.40083982
0.41160608
0.42234496
0.43281766
0.43055375
0.43991273
0.45184731
0.46602708
0.47213401
0.48748684
0.50473562
0.13319062
0.13412866
0.13942691
0.14220649
