1.00082056
1.00543285
1.01087117
1.01545348
1.02033163
1.02416708
1.02921014
1.02497451
1.02993541
1.03510126
1.04018996
1.04353998
1.04930237
1.05495338
1.06010787
1.06470430
1.07018954
1.07581055
1.08140168
1.08782445
1.09399296
1.10090388
1.10292093
1.10842192
1.11403696
1.12055845
1.12731250
1.13450297
1.14134338
1.14494785
1.15178468
1.15951049
1.15731358
1.16389000
1.17067098
1.17840505
1.18601053
1.19326746
0.95470379
0.95254005
0.95717777
0.94565183
0.95255345
0.95868295
0.96503871
0.97110364
0.97758974
0.93599417
0.94054576
0.94684635
0.95286460
0.95991532
0.96264743
0.96648546
0.97189235
0.97687517
0.98519643
0.99363264
1.00089911
1.00743716
1.01630072
1.02352157
1.02988612
1.03777042
1.04463148
1.05335784
1.06029618
1.06829964
1.07721560
0.68509209
0.69134929
0.69561945
0.70073510
0.70681617
0.71371693
0.70451981
0.71017280
0.71357543
0.71332865
0.72020948
0.72712879
0.73338627
0.74055537
0.74550888
0.75381747
0.76098189
0.76852714
0.77527399
0.77287356
0.77845603
0.78575247
0.79404309
0.80205300
0.81150474
0.77088128
0.58546225
0.59044976
0.59515852
0.59924203
0.60732165
0.60514011
0.61181680
0.61704315
0.62266182
0.62827951
0.63556972
0.64288796
0.65048634
0.64516851
0.65211955
0.66242606
0.66951307
0.67807714
0.68576810
0.69551859
0.65522357
0.66015865
0.66992192
0.68102607
0.68977138
0.69741197
0.70435488
0.71413066
0.72423114
0.73845725
0.75348990
0.76947189
0.78083572
0.73626270
0.74100323
0.75135244
0.76762384
0.78532719
0.80175709
0.81621284
0.83672509
0.85735447
0.87789203
0.89278816
0.89755602
0.90962512
0.93644691
0.96531643
0.98929600
1.02301997
1.05888797
0.34278466
0.33751413
0.34090700
0.34353001
