1.00021775
1.00071012
1.00122988
1.00176127
1.00229133
1.00276654
1.00324030
1.00368481
1.00412852
1.00455016
1.00498803
1.00541794
1.00590552
1.00636200
1.00681471
1.00722708
1.00764121
1.00807102
1.00850385
1.00892750
1.00935768
1.00978833
1.01022122
1.01066386
1.01116526
1.01168853
1.01220255
1.01271792
1.01323259
1.01374831
1.01427714
1.01480667
1.01535996
1.01590662
1.01639899
1.01687412
1.01739588
1.01793467
1.01848274
1.01903541
1.01957548
1.02012751
1.02066813
1.02121173
1.02176249
1.02231051
1.02288766
1.02345458
1.02401429
1.02457327
1.02513010
1.02568502
1.02624288
1.02682877
1.02738341
1.02795661
1.02850554
1.02906781
1.02962830
1.03019861
1.03061885
1.03093759
1.03102110
1.03089480
1.03052200
1.02963121
1.02878989
1.02609725
1.02359205
1.01403725
1.00729678
1.00091400
0.99557616
0.99070887
0.98661464
0.98369045
0.97946853
0.97798651
0.97662786
0.97699287
0.97736468
0.97768308
0.97793918
0.97829099
0.97856079
0.97887073
0.97934223
0.97982708
0.98028316
0.98075446
0.98118189
0.98161668
0.98204069
0.98248491
0.98296877
0.98350995
0.98408375
0.98465744
0.98524604
0.98583186
0.98640419
0.98696910
0.98751239
0.98810156
0.98869029
0.98929673
0.98984955
0.99035885
0.99085263
0.99129391
0.99177781
0.99226378
0.99274571
0.99329037
0.99385414
0.99441466
0.99495023
0.99544522
0.99594401
0.99643942
0.99692720
0.99742086
0.99792498
0.99843355
0.99893894
0.99943007
0.99990638
1.00040106
1.00092024
1.00144310
1.00197305
1.00252779
1.00307210
1.00362291
1.00417013
1.00472983
1.00529800
1.00588224
1.00645185
1.00702913
1.00757036
1.00807144
1.00859062
1.00911369
1.00966206
1.01021999
1.01079959
1.01136524
1.01194610
1.01250725
