1.00271134
1.00835078
1.01409566
1.01985443
1.02573910
1.03160312
1.03770754
1.04234997
1.04825125
1.05458623
1.06094922
1.06739687
1.07386227
1.08031556
1.08697606
1.09371805
1.10054739
1.10738860
1.11426859
1.12138022
1.12854356
1.13593375
1.14328222
1.15073824
1.15815566
1.16574452
1.17345944
1.18134365
1.18928608
1.19724865
1.20538688
1.21371616
1.22218978
1.23085782
1.23951856
1.24838461
1.25732757
1.26632227
1.27447230
1.28338841
1.29301272
1.30264522
1.31249904
1.32250841
1.33252816
1.34292153
1.35339950
1.36391027
1.37458359
1.38543722
1.39651616
1.40790733
1.41821287
1.42970404
1.44137274
1.45339176
1.46571445
1.47824132
1.49104275
1.50394527
1.51718852
1.53052242
1.54402999
1.55781148
1.57183546
1.58599392
1.60066764
1.61552623
1.63064313
1.62233328
1.63741184
1.65306443
1.66928094
1.68577467
1.70257814
1.71975056
1.73712432
1.75499264
1.77310364
1.79166841
1.81058410
1.82988607
1.84974056
1.86977799
1.89055115
1.91184719
1.93345970
1.95570946
1.97748713
2.00064429
2.02453363
2.04895356
2.07403327
2.09985530
2.10336907
2.12263443
2.14975325
2.17790308
2.20657718
2.23608097
2.26643666
2.29774505
2.32976332
2.36277636
2.39643674
2.43163858
2.46750322
2.50442916
2.54229604
2.58181091
2.62238853
2.66435760
2.70765791
2.75243068
1.32617372
0.05928603
0.05972478
0.06053574
0.06156850
0.06220002
0.06248687
0.06301075
0.06387664
0.06480513
0.06602426
0.06736220
0.06851733
0.06951299
0.07058196
0.07107224
0.07187380
0.07309408
0.07445125
0.07601707
0.07733333
0.07887911
0.08100358
0.08272147
0.08452812
0.08563354
0.08633412
0.08855208
0.09130257
0.09329160
0.09604749
0.09911728
0.02922842
0.02958796
0.03065794
0.03091173
