1.00106377
1.00398245
1.00827250
1.01282835
1.01773500
1.02141700
1.02667216
1.02749814
1.03142830
1.03654010
1.04162431
1.04670178
1.05259548
1.05744471
1.06283716
1.06767939
1.07359875
1.08009516
1.08647895
1.09332060
1.09966034
1.10661117
1.10896842
1.11408572
1.11929611
1.12459578
1.13053688
1.13692944
1.14134517
1.14791024
1.15440834
1.16204845
1.16085057
1.16632019
1.17368695
1.18154857
1.19002609
1.19652558
1.07337578
1.06628981
1.07316877
1.05264687
1.05949364
1.06753220
1.07475812
1.08055250
1.08802402
1.07171059
1.06406681
1.07075010
1.07761717
1.08609643
1.09108989
1.09587333
1.10247995
1.10885513
1.11784901
1.12657519
1.13489273
1.14374959
1.15320578
1.16156430
1.17134526
1.17834225
1.18655738
1.19591888
1.20382549
1.21285408
1.22180620
1.07616913
1.08545692
1.09386771
1.10277271
1.11164607
1.12135408
1.13209714
1.14144800
1.15081528
1.16158570
1.15116125
1.16048745
1.17162062
1.18131981
1.19293943
1.20615777
1.21846116
1.23050742
1.24346407
1.21959325
1.23138955
1.24425760
1.25852675
1.27208717
1.28672453
1.07774723
0.67096888
0.67115436
0.67665961
0.68230468
0.69091627
0.69109072
0.69983515
0.70668608
0.71136499
0.71622435
0.72569223
0.73442888
0.74219438
0.74441693
0.75201165
0.76199808
0.76948804
0.77761397
0.78823386
0.79850886
0.81109719
0.82068289
0.83412463
0.84752880
0.86188360
0.87395207
0.88517184
0.90052040
0.91574111
0.93397193
0.95156647
0.97065612
0.98722190
0.88012056
0.87318398
0.88646212
0.90385763
0.92495372
0.94741665
0.97047477
0.99429263
1.02071053
1.04316297
1.05931035
1.06733486
1.05874671
1.09080454
1.12540374
1.14794320
1.18317702
1.22416533
0.26360908
0.24072643
0.23884331
0.23680523
