1.00011033
1.00051833
1.00099494
1.00146244
1.00190617
1.00234605
1.00274987
1.00315965
1.00354807
1.00391443
1.00432368
1.00466203
1.00503785
1.00548230
1.00592264
1.00636127
1.00677824
1.00719696
1.00762711
1.00806439
1.00848594
1.00888297
1.00928538
1.00966969
1.01011484
1.01059870
1.01103306
1.01146112
1.01187874
1.01229440
1.01272216
1.01315684
1.01360332
1.01403847
1.01443518
1.01480677
1.01522885
1.01569085
1.01616227
1.01664040
1.01711256
1.01759796
1.01807697
1.01855469
1.01904209
1.01952078
1.01998790
1.02041069
1.02082738
1.02124677
1.02166566
1.02203831
1.02245400
1.02292219
1.02335733
1.02387467
1.02439783
1.02495331
1.02553035
1.02610614
1.02667938
1.02722779
1.02764089
1.02797375
1.02828056
1.02854174
1.02887166
1.02911643
1.02911158
1.02542261
1.02271676
1.01984421
1.01778445
1.01581087
1.01388558
1.01239770
1.00949094
1.00638969
1.00463460
1.00488084
1.00507064
1.00509042
1.00499260
1.00502168
1.00483115
1.00476955
1.00516249
1.00561198
1.00602936
1.00645793
1.00682625
1.00727594
1.00776672
1.00824526
1.00876885
1.00932941
1.00988224
1.01044493
1.01101908
1.01159890
1.01219104
1.01278393
1.01335818
1.01393530
1.01450874
1.01501628
1.01552546
1.01602757
1.01653190
1.01703317
1.01752551
1.01803087
1.01853689
1.01901619
1.01949715
1.02003096
1.02058832
1.02116191
1.02172727
1.02228420
1.02286657
1.02344073
1.02401113
1.02457659
1.02513161
1.02562193
1.02612296
1.02662052
1.02710519
1.02758820
1.02801586
1.02843137
1.02885437
1.02931738
1.02979634
1.03029197
1.03075089
1.03124481
1.03175193
1.03228640
1.03280547
1.03334046
1.03393904
1.03451962
1.03510804
1.03572289
1.03633335
1.03694202
1.03756100
1.03816996
