1.00025901
1.00080627
1.00136481
1.00192678
1.00248373
1.00303844
1.00359256
1.00413914
1.00468754
1.00523455
1.00578125
1.00632027
1.00687165
1.00742780
1.00798107
1.00853322
1.00908578
1.00963927
1.01019417
1.01074322
1.01129216
1.01183797
1.01238283
1.01292642
1.01347428
1.01402715
1.01457743
1.01512835
1.01567902
1.01623001
1.01678160
1.01733425
1.01789240
1.01845390
1.01901569
1.01957215
1.02013789
1.02070784
1.02128104
1.02185496
1.02243240
1.02301459
1.02359482
1.02417349
1.02475542
1.02534076
1.02592647
1.02651129
1.02709328
1.02767741
1.02826109
1.02884533
1.02943160
1.03003323
1.03062904
1.03123050
1.03183405
1.03244169
1.03305006
1.03365892
1.03427325
1.03488904
1.03549982
1.03611231
1.03672391
1.03733414
1.03794577
1.03854176
1.03912621
1.03946727
1.03986809
1.04024625
1.04067409
1.04106833
1.04146249
1.04188719
1.04212535
1.04237493
1.04274896
1.04328624
1.04380665
1.04432647
1.04483233
1.04538100
1.04591532
1.04646994
1.04709006
1.04771229
1.04833222
1.04895443
1.04957559
1.05019817
1.05082441
1.05145386
1.05208309
1.05272103
1.05334666
1.05397413
1.05460777
1.05524303
1.05588116
1.05652010
1.05715990
1.05779802
1.05843680
1.05907193
1.05971168
1.06035423
1.06099048
1.06162145
1.06225097
1.06288179
1.06351238
1.06413235
1.06475593
1.06538681
1.06601641
1.06664679
1.06727851
1.06790992
1.06854077
1.06917460
1.06980980
1.07045026
1.07108796
1.07172785
1.07236673
1.07300575
1.07364431
1.07428279
1.07491796
1.07555137
1.07618565
1.07682257
1.07746246
1.07810264
1.07874553
1.07939646
1.08004806
1.08070440
1.08136184
1.08201826
1.08268090
1.08334188
1.08401075
1.08468061
1.08535009
1.08601574
1.08668473
1.08735113
