1.00092600
1.00494273
1.00939352
1.01367398
1.01813991
1.02269348
1.02862675
1.01253309
1.00900929
1.01249945
1.01783566
1.02283463
1.02833163
1.03284714
1.03776902
1.04340636
1.04910196
1.05527151
1.06072238
1.06651413
1.07329361
1.07973424
1.08663702
1.09330362
1.09915373
1.10392859
1.11061746
1.11665720
1.12301800
1.12994308
1.13595306
1.14335504
1.14957186
1.15684877
1.16437365
1.17248744
1.18037263
1.18758844
1.12677264
1.11836932
1.12657851
1.13125375
1.13747636
1.14575651
1.13853506
1.14735301
1.15573549
1.16299013
1.16360289
1.17177875
1.17943257
1.18863200
1.15153500
1.15807419
1.16620760
1.17502235
1.18290220
1.19201888
1.20104467
1.21136183
1.22107139
1.23160665
1.24180053
1.25134165
1.26019474
1.27017009
1.27681090
1.28711381
1.29692727
1.07502319
1.08510701
1.09300464
1.10116728
1.11207691
1.12136596
1.13231814
1.14177690
1.14995662
1.16163340
1.16512666
1.17720331
1.18877312
1.19879301
1.21207180
1.22216863
1.23333805
1.24546782
1.25828503
1.21681830
1.23019245
1.24487651
1.25779351
1.27264227
1.28646127
1.26775161
0.85862296
0.71477395
0.72346368
0.73228584
0.73818487
0.74410200
0.74983387
0.75730174
0.76472188
0.77220536
0.78131572
0.79149925
0.79934434
0.79320608
0.80193150
0.81012352
0.82137098
0.83251440
0.84369260
0.85571091
0.86629405
0.87940453
0.89314756
0.90846481
0.92308921
0.93549384
0.95192439
0.96837525
0.98390235
1.00352363
1.02216852
1.04246237
1.06005166
1.04762151
1.03669718
1.05701491
1.07831773
1.10191124
1.12920487
1.15469266
1.17856300
1.19527466
1.22586827
1.25902106
1.17924565
1.18896906
1.22605235
1.26545738
1.26904070
1.31151948
1.35325033
0.23789961
0.23890308
0.24797460
0.25076735
