1.00015518
1.00060466
1.00108268
1.00161888
1.00216062
1.00270713
1.00322371
1.00371469
1.00420364
1.00468306
1.00516453
1.00557972
1.00597600
1.00644452
1.00691436
1.00737848
1.00785306
1.00832325
1.00879005
1.00926405
1.00974919
1.01022000
1.01069234
1.01116304
1.01165629
1.01218269
1.01268860
1.01313607
1.01357956
1.01403378
1.01449853
1.01494816
1.01540809
1.01586734
1.01630905
1.01673206
1.01720676
1.01771424
1.01823030
1.01875130
1.01927493
1.01981020
1.02034294
1.02087764
1.02140817
1.02193782
1.02244145
1.02290610
1.02337619
1.02385147
1.02431432
1.02473464
1.02520938
1.02570685
1.02619979
1.02670416
1.02721075
1.02774807
1.02828366
1.02880830
1.02940149
1.02997411
1.03052597
1.03108208
1.03163467
1.03217685
1.03272192
1.03324161
1.03357804
1.03319056
1.03311632
1.03303771
1.03311453
1.03319879
1.03325406
1.03336185
1.03316103
1.03284816
1.03312836
1.03364530
1.03410310
1.03453833
1.03494892
1.03538886
1.03574472
1.03615268
1.03665387
1.03716795
1.03766900
1.03816390
1.03863073
1.03911794
1.03960805
1.03997606
1.04042348
1.04090429
1.04142130
1.04172554
1.04200801
1.04233198
1.04274548
1.04315802
1.04358142
1.04409704
1.04460380
1.04510329
1.04563582
1.04617809
1.04672767
1.04727415
1.04780980
1.04836040
1.04891339
1.04944701
1.04996914
1.05052799
1.05109823
1.05167318
1.05223819
1.05279323
1.05335581
1.05390146
1.05444827
1.05498688
1.05551674
1.05601261
1.05650702
1.05701481
1.05753854
1.05806243
1.05858195
1.05909776
1.05961320
1.06013496
1.06065593
1.06117344
1.06163263
1.06209965
1.06263087
1.06311980
1.06359227
1.06406815
1.06459368
1.06512505
1.06566775
1.06622600
1.06677562
1.06733405
1.06796970
1.06855831
