1.00274486
1.00838121
1.01405997
1.01987414
1.02588581
1.03182516
1.03793370
1.04192328
1.04746235
1.05351900
1.05989100
1.06628574
1.07271561
1.07920814
1.08588092
1.09249264
1.09940085
1.10620880
1.11305612
1.12003087
1.12730010
1.13436410
1.14174646
1.14914894
1.15659448
1.16412914
1.17169330
1.17941282
1.18726242
1.19528015
1.20332565
1.21149313
1.21991306
1.22853762
1.23714891
1.24606028
1.25500040
1.26396612
1.26715653
1.27523264
1.28477719
1.29417807
1.30402341
1.31396549
1.32319329
1.33296729
1.34345191
1.35372658
1.36442905
1.37522574
1.38599489
1.39721301
1.40529415
1.41657913
1.42821016
1.44004750
1.45214615
1.46458221
1.47704005
1.48987563
1.50290054
1.51605083
1.52942230
1.54306282
1.55683520
1.57079237
1.58524273
1.59997995
1.61480523
1.60206962
1.61751446
1.63319281
1.64902297
1.66530271
1.68178285
1.69865104
1.71568984
1.73279042
1.75070387
1.76911181
1.78792910
1.80691661
1.82646363
1.84624507
1.86675297
1.88761457
1.90890863
1.93080911
1.94992197
1.97246844
1.99622388
2.02026418
2.04513976
2.07014317
2.04397546
2.04794760
2.07407320
2.10114723
2.12894268
2.15736048
2.18646763
2.21654863
2.24738692
2.27898053
2.31125279
2.34520797
2.37969155
2.41516951
2.45171046
2.48982558
2.52914702
2.56917948
2.61092223
2.65388987
2.69841347
0.08639011
0.08722607
0.08812668
0.08945862
0.09050418
0.09147367
0.09273726
0.09403074
0.09555541
0.09747962
0.09941653
0.10114449
0.10278680
0.10344463
0.10432654
0.10535950
0.10747914
0.10945886
0.11174495
0.11399974
0.11599046
0.11909377
0.12142095
0.12428853
0.12491806
0.12472128
0.12836255
0.13232337
0.13485378
0.13929502
0.14330271
0.03280068
0.03365612
0.03470266
0.03439621
