1.00028038
1.00084941
1.00141995
1.00199263
1.00256638
1.00314100
1.00371622
1.00429145
1.00486737
1.00544392
1.00602064
1.00659805
1.00717595
1.00775265
1.00833013
1.00890821
1.00948647
1.01006523
1.01064464
1.01122478
1.01180555
1.01238700
1.01296897
1.01355052
1.01413404
1.01471898
1.01530457
1.01589101
1.01647828
1.01706617
1.01765492
1.01824576
1.01883771
1.01943042
1.02002303
1.02061536
1.02121018
1.02180566
1.02240317
1.02300227
1.02360207
1.02420061
1.02479983
1.02540013
1.02600096
1.02660254
1.02720481
1.02780771
1.02841075
1.02901409
1.02961816
1.03022257
1.03082850
1.03143505
1.03204081
1.03264820
1.03325635
1.03386648
1.03447743
1.03508897
1.03570362
1.03631857
1.03693381
1.03754998
1.03816730
1.03878542
1.03940423
1.04002314
1.04064317
1.04125312
1.04186554
1.04247422
1.04308248
1.04369235
1.04430377
1.04491623
1.04552131
1.04613079
1.04674674
1.04737317
1.04799992
1.04862775
1.04925638
1.04988582
1.05051635
1.05114827
1.05178081
1.05241426
1.05304770
1.05368112
1.05431411
1.05494803
1.05558360
1.05622008
1.05685731
1.05749666
1.05813759
1.05877910
1.05942188
1.06006470
1.06070771
1.06135046
1.06199321
1.06263680
1.06328129
1.06392598
1.06457294
1.06522065
1.06586856
1.06651703
1.06716583
1.06781552
1.06846599
1.06911649
1.06976761
1.07042031
1.07107291
1.07172647
1.07238107
1.07303637
1.07369239
1.07434907
1.07500652
1.07566482
1.07632347
1.07698226
1.07764298
1.07830533
1.07896818
1.07963167
1.08029581
1.08096113
1.08162774
1.08229544
1.08296465
1.08363455
1.08430382
1.08497390
1.08564489
1.08631662
1.08698897
1.08766129
1.08833499
1.08900928
1.08968425
1.09036036
1.09103755
1.09171517
1.09239387
1.09307382
