1.00019569
1.00067641
1.00116080
1.00169598
1.00223719
1.00276093
1.00325017
1.00371274
1.00417689
1.00462643
1.00506749
1.00542872
1.00579526
1.00627179
1.00677447
1.00727615
1.00782099
1.00837023
1.00891947
1.00947071
1.01002251
1.01056116
1.01112313
1.01169709
1.01227028
1.01284153
1.01339303
1.01391089
1.01442599
1.01494049
1.01544880
1.01595565
1.01647665
1.01699472
1.01750692
1.01802124
1.01853391
1.01905356
1.01957696
1.02010062
1.02065575
1.02121115
1.02176843
1.02232310
1.02287305
1.02342421
1.02397098
1.02450788
1.02504757
1.02558917
1.02609650
1.02655945
1.02709253
1.02768741
1.02828308
1.02888981
1.02949563
1.03010503
1.03071524
1.03132735
1.03184704
1.03236630
1.03279654
1.03326080
1.03371533
1.03419881
1.03471312
1.03524083
1.03572932
1.03582915
1.03619014
1.03651620
1.03698380
1.03746980
1.03795831
1.03849689
1.03878716
1.03901747
1.03941772
1.03998513
1.04052817
1.04108656
1.04164905
1.04224596
1.04278922
1.04332527
1.04394913
1.04456798
1.04518736
1.04580267
1.04641975
1.04703217
1.04763625
1.04824537
1.04885140
1.04945968
1.05004788
1.05065575
1.05125673
1.05185461
1.05247249
1.05308971
1.05370941
1.05431456
1.05492545
1.05553158
1.05609641
1.05668245
1.05727629
1.05788288
1.05848358
1.05908247
1.05967711
1.06029036
1.06088557
1.06150941
1.06211653
1.06272536
1.06331336
1.06387496
1.06442996
1.06495242
1.06548877
1.06604577
1.06659677
1.06724330
1.06789440
1.06854828
1.06919935
1.06982084
1.07044757
1.07105519
1.07165920
1.07229564
1.07293634
1.07357328
1.07419138
1.07481412
1.07544108
1.07605544
1.07665274
1.07726825
1.07792039
1.07855435
1.07917669
1.07980706
1.08043053
1.08106030
1.08169778
1.08233218
