1.00181616
1.00393194
1.00899190
1.01421085
1.01970878
1.02474570
1.03051718
1.02215404
1.01809376
1.02311563
1.02895572
1.03449147
1.03775000
1.04204349
1.04797187
1.05401948
1.06051529
1.06654627
1.07223621
1.07776551
1.08475982
1.09179757
1.09879537
1.10496527
1.11101766
1.11731573
1.12386952
1.13078347
1.13770723
1.14450095
1.15209780
1.15925149
1.16644358
1.17440472
1.18210323
1.19054724
1.18882355
1.15640282
1.10769509
1.10974103
1.11788754
1.12527008
1.13065491
1.13885470
1.12388315
1.13137874
1.14018028
1.14847941
1.15721425
1.16551646
1.17436500
1.18386959
1.17637317
1.18488523
1.19357824
1.20226728
1.21228847
1.22231787
1.23230589
1.24268517
1.25260864
1.26285371
1.27364747
1.28456129
1.29512998
1.30630449
1.31833363
1.32960158
1.34104577
1.10747972
1.11774787
1.12789835
1.13730331
1.14858604
1.15900369
1.17016108
1.18061973
1.19197378
1.20373900
1.21188507
1.22389790
1.23655545
1.24903029
1.26125134
1.27447214
1.28802788
1.30156565
1.31568826
1.32096065
1.33563959
1.35025833
1.36601815
1.38252140
1.39550590
0.73225262
0.49667401
0.50056192
0.50637564
0.51136148
0.51649029
0.51956181
0.52649167
0.53192635
0.53705456
0.54124218
0.54894634
0.55532620
0.56042582
0.56808593
0.57521824
0.58248374
0.59050324
0.59975210
0.60761977
0.61701511
0.62418570
0.63303441
0.64281817
0.65250299
0.66363646
0.67407923
0.68459895
0.69416241
0.70602101
0.71995208
0.73488571
0.74994060
0.76386296
0.76198455
0.76105948
0.77769841
0.79366710
0.80886785
0.82805504
0.84559538
0.86550875
0.88835725
0.90994050
0.93163541
0.95479093
0.94545511
0.97460100
1.00524108
1.02995769
1.06311733
1.09639363
0.12342786
0.12053425
0.12512236
0.12522200
