1.00180137
1.00630510
1.01125696
1.01661614
1.02237753
1.02750724
1.03055660
1.01282714
1.01218749
1.01688227
1.02293927
1.02852916
1.03459063
1.03955853
1.04577956
1.05171794
1.05809022
1.06430883
1.07010267
1.07508413
1.08206113
1.08892088
1.09577445
1.10192952
1.10817044
1.11482673
1.12145305
1.12841343
1.13464229
1.14133327
1.14860391
1.15616890
1.16349375
1.17133480
1.17908526
1.18745327
1.19466492
1.20173731
1.13917288
1.14124893
1.14968764
1.15587640
1.16464688
1.17315668
1.17729080
1.18423673
1.19338632
1.19824776
1.20708095
1.21629333
1.22549484
1.23552415
1.23455490
1.24314656
1.25235449
1.26133150
1.27200129
1.28248074
1.29333666
1.30421789
1.31501105
1.32576158
1.33683345
1.34806048
1.35864063
1.37044420
1.38318802
1.39524500
1.40728051
1.22263954
1.23377673
1.24539163
1.25601882
1.26798403
1.27959291
1.29186106
1.30367031
1.31641015
1.32979685
1.33842649
1.35179890
1.36586327
1.37996281
1.39366486
1.40840388
1.42263730
1.43803511
1.45222589
1.45725442
1.47338916
1.49046713
1.50700673
1.52496652
1.54047458
0.89699359
0.36154143
0.35929718
0.36304751
0.36603381
0.36952673
0.37270593
0.37749208
0.38125608
0.38441239
0.38707658
0.39271115
0.39642047
0.40064194
0.40050433
0.40010961
0.40522486
0.40979142
0.41530199
0.42047592
0.42604465
0.43071599
0.43791837
0.44376979
0.44839231
0.45537499
0.46135162
0.46710484
0.47108852
0.47881700
0.48583105
0.49532835
0.50500395
0.51297921
0.49679236
0.48202737
0.49094949
0.49995106
0.50906828
0.52063784
0.53355389
0.54589664
0.55007248
0.56356794
0.57578074
0.58997605
0.57854214
0.59616931
0.60948503
0.62617677
0.64475019
0.66598696
0.13443563
0.13446192
0.13898928
0.14117052
