1.00028486
1.00085764
1.00143139
1.00200589
1.00258099
1.00315673
1.00373296
1.00430963
1.00488691
1.00546489
1.00604344
1.00662272
1.00720263
1.00778249
1.00836254
1.00894327
1.00952358
1.01010457
1.01068625
1.01126859
1.01185159
1.01243518
1.01301930
1.01360413
1.01418983
1.01477629
1.01536338
1.01595120
1.01653975
1.01712901
1.01771890
1.01830971
1.01890135
1.01949364
1.02008648
1.02067994
1.02127463
1.02187046
1.02246697
1.02306425
1.02366240
1.02426137
1.02486075
1.02546087
1.02606197
1.02666381
1.02726609
1.02786845
1.02847192
1.02907618
1.02968112
1.03028662
1.03089329
1.03150114
1.03210937
1.03271889
1.03332909
1.03394027
1.03455182
1.03516406
1.03577780
1.03639204
1.03700674
1.03762192
1.03823787
1.03885447
1.03947172
1.04008979
1.04070918
1.04132681
1.04194558
1.04256461
1.04318446
1.04380480
1.04442585
1.04504844
1.04566735
1.04628711
1.04691087
1.04753868
1.04816719
1.04879643
1.04942634
1.05005709
1.05068860
1.05132103
1.05195356
1.05258690
1.05322093
1.05385575
1.05449127
1.05512740
1.05576443
1.05640226
1.05704069
1.05768023
1.05831951
1.05895969
1.05960069
1.06024270
1.06088558
1.06152939
1.06217376
1.06281924
1.06346553
1.06411205
1.06475958
1.06540783
1.06605740
1.06670760
1.06735836
1.06800990
1.06866225
1.06931463
1.06996791
1.07062207
1.07127694
1.07193261
1.07258842
1.07324508
1.07390304
1.07456185
1.07522146
1.07588165
1.07654256
1.07720414
1.07786707
1.07853167
1.07919731
1.07986423
1.08053156
1.08119985
1.08186929
1.08253956
1.08321083
1.08388295
1.08455553
1.08522873
1.08590233
1.08657636
1.08725124
1.08792636
1.08860238
1.08927937
1.08995709
1.09063619
1.09131641
1.09199740
1.09267963
1.09336268
