0.99999594
1.00031758
1.00062630
1.00093477
1.00125527
1.00157369
1.00190863
1.00223193
1.00255561
1.00286528
1.00317424
1.00349783
1.00381778
1.00406102
1.00429356
1.00452724
1.00472937
1.00494001
1.00515922
1.00538398
1.00573105
1.00607755
1.00643527
1.00680556
1.00720234
1.00766381
1.00811995
1.00858697
1.00907548
1.00952088
1.00996391
1.01039750
1.01082940
1.01124893
1.01165237
1.01204065
1.01237615
1.01269108
1.01301160
1.01333034
1.01364513
1.01393400
1.01420809
1.01444910
1.01465236
1.01486547
1.01501951
1.01516074
1.01529094
1.01542820
1.01554016
1.01561839
1.01569290
1.01573301
1.01577082
1.01581808
1.01588264
1.01593882
1.01600287
1.01607469
1.01612648
1.01614129
1.01614476
1.01611372
1.01609209
1.01607371
1.01596002
1.01579396
1.01559038
1.01539061
1.01533478
1.01529302
1.01527328
1.01528769
1.01532854
1.01546601
1.01561716
1.01582532
1.01611731
1.01650080
1.01689308
1.01728506
1.01766772
1.01804565
1.01842390
1.01880163
1.01916107
1.01951978
1.01986715
1.02021755
1.02057824
1.02093433
1.02128170
1.02162599
1.02196931
1.02231261
1.02262916
1.02296219
1.02328209
1.02361618
1.02393037
1.02425452
1.02459286
1.02492557
1.02526919
1.02559714
1.02592437
1.02625643
1.02659680
1.02693177
1.02726824
1.02762121
1.02798215
1.02833406
1.02868246
1.02908245
1.02946603
1.02982590
1.03019427
1.03056585
1.03093849
1.03132859
1.03171595
1.03213973
1.03257997
1.03302060
1.03345249
1.03388757
1.03432232
1.03474899
1.03517696
1.03563547
1.03612109
1.03660787
1.03711344
1.03761885
1.03811748
1.03861410
1.03911462
1.03961529
1.04011168
1.04061929
1.04112845
1.04163661
1.04214084
1.04264821
1.04315165
1.04365799
1.04416321
1.04469233
