1.00013001
1.00056672
1.00099433
1.00142282
1.00185986
1.00229760
1.00274583
1.00318412
1.00362357
1.00405701
1.00448897
1.00492513
1.00535758
1.00574728
1.00612587
1.00650976
1.00687724
1.00725239
1.00763063
1.00801122
1.00847362
1.00893719
1.00941090
1.00989625
1.01039227
1.01090882
1.01142598
1.01194929
1.01246559
1.01287080
1.01327704
1.01367735
1.01407558
1.01445552
1.01484145
1.01522048
1.01552352
1.01579876
1.01609337
1.01638285
1.01667248
1.01693485
1.01719089
1.01743058
1.01759791
1.01777088
1.01788263
1.01799542
1.01808188
1.01816985
1.01824489
1.01827450
1.01828956
1.01827982
1.01826694
1.01826101
1.01827682
1.01828260
1.01829359
1.01830959
1.01830385
1.01827802
1.01824720
1.01818288
1.01812712
1.01808062
1.01796858
1.01784220
1.01770297
1.01756520
1.01758543
1.01761787
1.01768933
1.01780077
1.01793105
1.01813516
1.01833684
1.01861067
1.01898635
1.01946518
1.01994942
1.02043450
1.02091717
1.02140334
1.02189000
1.02237404
1.02285206
1.02332871
1.02380284
1.02427912
1.02475944
1.02523879
1.02571728
1.02619618
1.02666617
1.02713816
1.02759756
1.02806521
1.02852355
1.02898886
1.02944919
1.02990613
1.03036392
1.03081739
1.03127467
1.03172810
1.03218555
1.03264626
1.03310371
1.03356108
1.03400591
1.03445255
1.03490331
1.03533110
1.03575770
1.03620725
1.03663987
1.03706846
1.03750269
1.03793775
1.03837043
1.03880984
1.03924818
1.03971556
1.04019408
1.04067203
1.04114516
1.04161986
1.04209427
1.04256989
1.04304650
1.04354191
1.04405947
1.04457708
1.04510764
1.04563945
1.04616600
1.04669278
1.04722134
1.04774922
1.04827500
1.04880628
1.04934011
1.04987092
1.05039955
1.05092740
1.05144758
1.05197321
1.05249882
1.05303518
