0.99986303
1.00008708
1.00030820
1.00052684
1.00075152
1.00097953
1.00120128
1.00138529
1.00156432
1.00173310
1.00190589
1.00211118
1.00233651
1.00240808
1.00243486
1.00247618
1.00246254
1.00245639
1.00248998
1.00254215
1.00272069
1.00286698
1.00302998
1.00318919
1.00335469
1.00363553
1.00389754
1.00414285
1.00447320
1.00489060
1.00530535
1.00569123
1.00608300
1.00646483
1.00678869
1.00707461
1.00736550
1.00765281
1.00793121
1.00820956
1.00845983
1.00870566
1.00893052
1.00914869
1.00934530
1.00954055
1.00970322
1.00984310
1.00998585
1.01011984
1.01026945
1.01034457
1.01040283
1.01045197
1.01050513
1.01056901
1.01062893
1.01067530
1.01072543
1.01078235
1.01081871
1.01077883
1.01070824
1.01064859
1.01059493
1.01054179
1.01037347
1.01009340
1.00978583
1.00948703
1.00925647
1.00901920
1.00879173
1.00855848
1.00833355
1.00820413
1.00806212
1.00794973
1.00795253
1.00808225
1.00823158
1.00838223
1.00852591
1.00864536
1.00876525
1.00891719
1.00909511
1.00928088
1.00946844
1.00966746
1.00989049
1.01011196
1.01031740
1.01049946
1.01068750
1.01086356
1.01103369
1.01120967
1.01138011
1.01156420
1.01169189
1.01182604
1.01197905
1.01211198
1.01230501
1.01248679
1.01266437
1.01282538
1.01298712
1.01316754
1.01335621
1.01355040
1.01375275
1.01393865
1.01410337
1.01432902
1.01450138
1.01457568
1.01460929
1.01468787
1.01477047
1.01486113
1.01493730
1.01504457
1.01518616
1.01532033
1.01539737
1.01548005
1.01556874
1.01561847
1.01566679
1.01576322
1.01587840
1.01600030
1.01616210
1.01629869
1.01638051
1.01644194
1.01650595
1.01656577
1.01666178
1.01682720
1.01699952
1.01718239
1.01737803
1.01757828
1.01779762
1.01802386
1.01823441
1.01844648
