1.00000015
1.00031922
1.00062505
1.00094420
1.00130674
1.00167187
1.00205828
1.00242336
1.00279431
1.00315478
1.00351204
1.00388154
1.00423661
1.00453487
1.00481826
1.00509456
1.00535804
1.00563585
1.00591565
1.00620156
1.00667907
1.00716338
1.00765993
1.00815874
1.00866109
1.00911660
1.00958151
1.00976240
1.00992830
1.00937708
1.00880357
1.00822313
1.00764502
1.00695838
1.00644861
1.00591736
1.00505766
1.00412446
1.00317195
1.00215502
1.00114011
1.00007209
0.99895909
0.99782968
0.99656799
0.99532452
0.99394226
0.99256256
0.99104331
0.98953396
0.98788593
0.98615916
0.98436395
0.98252381
0.98065934
0.97884074
0.97710933
0.97537423
0.97367533
0.97200541
0.97027220
0.96849693
0.96670674
0.96478744
0.96285422
0.96095478
0.95876384
0.95647038
0.95417051
0.95187583
0.95029745
0.94878859
0.94745462
0.94637635
0.94542595
0.94479849
0.94414831
0.94415899
0.94419562
0.94456172
0.94494056
0.94533018
0.94571552
0.94612126
0.94652296
0.94692570
0.94734070
0.94775621
0.94818138
0.94860796
0.94904213
0.94947954
0.94991740
0.95035760
0.95079493
0.95123602
0.95167058
0.95211852
0.95254751
0.95298791
0.95341131
0.95383008
0.95423640
0.95463684
0.95505481
0.95544178
0.95584418
0.95624940
0.95662640
0.95695702
0.95729092
0.95763576
0.95798338
0.95829219
0.95859707
0.95894995
0.95927104
0.95957121
0.95987925
0.96018473
0.96048828
0.96080194
0.96112670
0.96149672
0.96186401
0.96223315
0.96260313
0.96297414
0.96334502
0.96372495
0.96410137
0.96447372
0.96485444
0.96523402
0.96563691
0.96604282
0.96644719
0.96684575
0.96723464
0.96762290
0.96799934
0.96836117
0.96872999
0.96910033
0.96946650
0.96983499
0.97018915
0.97056003
0.97092870
0.97131220
