1.00000378
1.00036606
1.00073307
1.00110831
1.00148919
1.00186920
1.00224170
1.00259563
1.00294289
1.00328443
1.00362740
1.00399122
1.00437291
1.00470539
1.00500008
1.00530541
1.00555187
1.00582313
1.00610639
1.00642382
1.00678972
1.00712672
1.00747520
1.00780571
1.00814038
1.00852464
1.00887295
1.00918767
1.00955252
1.00999032
1.01042867
1.01086892
1.01131296
1.01175962
1.01218045
1.01259428
1.01302682
1.01345870
1.01389814
1.01433674
1.01474892
1.01516119
1.01555827
1.01593785
1.01631034
1.01668809
1.01703384
1.01734913
1.01766355
1.01797499
1.01828098
1.01851894
1.01875277
1.01894818
1.01914590
1.01935338
1.01954874
1.01972221
1.01990027
1.02008510
1.02025079
1.02038273
1.02047934
1.02057379
1.02066196
1.02074460
1.02082157
1.02087450
1.02093005
1.02099135
1.02108806
1.02117350
1.02125189
1.02133092
1.02140231
1.02146493
1.02151385
1.02160917
1.02177366
1.02200919
1.02226583
1.02251806
1.02276621
1.02302298
1.02327931
1.02353926
1.02381549
1.02409604
1.02436284
1.02463210
1.02490330
1.02517082
1.02542629
1.02568128
1.02593773
1.02618572
1.02642422
1.02667035
1.02691032
1.02716070
1.02738157
1.02762393
1.02788745
1.02814095
1.02841495
1.02867412
1.02892334
1.02915402
1.02939208
1.02963140
1.02986400
1.03010736
1.03035531
1.03059234
1.03082477
1.03107801
1.03137042
1.03166015
1.03197141
1.03230823
1.03264111
1.03297102
1.03328166
1.03364325
1.03402666
1.03439004
1.03471917
1.03504910
1.03537817
1.03570111
1.03601888
1.03634169
1.03666111
1.03699094
1.03734365
1.03772179
1.03808736
1.03845238
1.03882728
1.03921105
1.03964370
1.04012959
1.04062740
1.04112008
1.04162294
1.04212023
1.04261559
1.04310529
1.04359152
1.04408556
