1.00024758
1.00079054
1.00133408
1.00187913
1.00242776
1.00297703
1.00352598
1.00407286
1.00462025
1.00516743
1.00571382
1.00625732
1.00680341
1.00733690
1.00787043
1.00840713
1.00894286
1.00948192
1.01002259
1.01056305
1.01112176
1.01168071
1.01224319
1.01280886
1.01337588
1.01394844
1.01452121
1.01509936
1.01568181
1.01626738
1.01685363
1.01744060
1.01802909
1.01861704
1.01920469
1.01979214
1.02037282
1.02095180
1.02153172
1.02211210
1.02269079
1.02326862
1.02384591
1.02442205
1.02499624
1.02557114
1.02614120
1.02671092
1.02728068
1.02785132
1.02841922
1.02898476
1.02955190
1.03011529
1.03067768
1.03124443
1.03181063
1.03237643
1.03294453
1.03351409
1.03408147
1.03464755
1.03521245
1.03577618
1.03634065
1.03690888
1.03747582
1.03804139
1.03860432
1.03916771
1.03974694
1.04032769
1.04091203
1.04150043
1.04208971
1.04268190
1.04327681
1.04387892
1.04448678
1.04510036
1.04571633
1.04633283
1.04694835
1.04756407
1.04818028
1.04879748
1.04940662
1.05001499
1.05062293
1.05123112
1.05183896
1.05244648
1.05305454
1.05366338
1.05427202
1.05488215
1.05548753
1.05609551
1.05670368
1.05731459
1.05792454
1.05853588
1.05914907
1.05976084
1.06037431
1.06098439
1.06159522
1.06220704
1.06281927
1.06343091
1.06404042
1.06465133
1.06526346
1.06587253
1.06648152
1.06709401
1.06770797
1.06832235
1.06893851
1.06955510
1.07017220
1.07079128
1.07141008
1.07203457
1.07266267
1.07329214
1.07392153
1.07455098
1.07518087
1.07581110
1.07644103
1.07707467
1.07770904
1.07834416
1.07898058
1.07961682
1.08025330
1.08089084
1.08153010
1.08217030
1.08281120
1.08345518
1.08410171
1.08474795
1.08539397
1.08604045
1.08668782
1.08733621
1.08798549
1.08863758
