0.99993345
1.00021832
1.00050230
1.00079707
1.00111693
1.00143651
1.00174492
1.00202456
1.00230258
1.00256756
1.00282476
1.00309469
1.00336047
1.00351260
1.00365560
1.00384723
1.00398403
1.00414621
1.00433162
1.00451531
1.00484425
1.00514962
1.00549671
1.00587432
1.00626314
1.00671399
1.00715510
1.00762902
1.00813744
1.00855863
1.00898209
1.00939917
1.00982020
1.01021094
1.01059412
1.01095656
1.01114759
1.01128450
1.01142374
1.01153939
1.01162619
1.01164874
1.01163778
1.01158712
1.01144083
1.01130913
1.01106513
1.01082132
1.01055308
1.01028595
1.00993108
1.00952089
1.00911814
1.00858946
1.00805707
1.00755152
1.00699481
1.00640388
1.00581891
1.00524096
1.00462685
1.00398234
1.00330806
1.00259316
1.00187295
1.00123710
1.00056178
0.99986218
0.99911695
0.99835530
0.99780692
0.99725174
0.99678048
0.99640251
0.99603147
0.99571959
0.99540237
0.99520493
0.99520580
0.99548444
0.99578683
0.99608857
0.99637301
0.99667931
0.99698295
0.99728893
0.99762451
0.99795744
0.99827341
0.99858828
0.99890050
0.99920745
0.99950529
0.99980829
1.00010813
1.00041039
1.00068962
1.00098694
1.00127907
1.00158683
1.00187085
1.00217724
1.00250484
1.00281839
1.00314221
1.00342901
1.00371160
1.00401328
1.00432485
1.00462945
1.00491807
1.00521955
1.00553042
1.00582104
1.00610411
1.00643752
1.00679659
1.00715730
1.00754373
1.00793310
1.00832702
1.00874639
1.00915786
1.00961804
1.01010371
1.01057105
1.01102513
1.01147176
1.01191358
1.01235070
1.01277842
1.01322514
1.01367154
1.01412023
1.01457786
1.01503610
1.01546515
1.01588928
1.01632369
1.01676209
1.01721422
1.01770739
1.01820353
1.01869254
1.01917788
1.01966119
1.02013268
1.02060085
1.02106795
1.02154739
