1.00022046
1.00073923
1.00125872
1.00178033
1.00231102
1.00284317
1.00337374
1.00390090
1.00442848
1.00495542
1.00548221
1.00601255
1.00654466
1.00705701
1.00756544
1.00807763
1.00858967
1.00910783
1.00962681
1.01014311
1.01068512
1.01122556
1.01176994
1.01231979
1.01287177
1.01343300
1.01399554
1.01456794
1.01514832
1.01573462
1.01632159
1.01690928
1.01750101
1.01809170
1.01868283
1.01927346
1.01985167
1.02042726
1.02100444
1.02157778
1.02214792
1.02271692
1.02328523
1.02385246
1.02441413
1.02497675
1.02553165
1.02608534
1.02663781
1.02719121
1.02773694
1.02827913
1.02882317
1.02936142
1.02989452
1.03043596
1.03097607
1.03151605
1.03206051
1.03260770
1.03315109
1.03369278
1.03423092
1.03477225
1.03531442
1.03586070
1.03640083
1.03693673
1.03747008
1.03800106
1.03855064
1.03910052
1.03965526
1.04021635
1.04077999
1.04135122
1.04192544
1.04251212
1.04311000
1.04371704
1.04432640
1.04493629
1.04554198
1.04614924
1.04675708
1.04736817
1.04796631
1.04856314
1.04915898
1.04975262
1.05034412
1.05093562
1.05152788
1.05212067
1.05271038
1.05330384
1.05388983
1.05448041
1.05506993
1.05566347
1.05625392
1.05684541
1.05743866
1.05802675
1.05862099
1.05921120
1.05980237
1.06039483
1.06098478
1.06157192
1.06215476
1.06274088
1.06332785
1.06391026
1.06449278
1.06508018
1.06567145
1.06626276
1.06685555
1.06744750
1.06803845
1.06863195
1.06922706
1.06982916
1.07043229
1.07103541
1.07163870
1.07224229
1.07286087
1.07349404
1.07412644
1.07476135
1.07539644
1.07603075
1.07666692
1.07730035
1.07793447
1.07856908
1.07920533
1.07984277
1.08048128
1.08112380
1.08176894
1.08241387
1.08305832
1.08370027
1.08434042
1.08498820
1.08563728
1.08629373
