1.00008090
1.00048453
1.00088771
1.00129761
1.00171363
1.00213043
1.00253730
1.00291824
1.00330051
1.00368477
1.00406715
1.00445278
1.00485003
1.00522654
1.00559931
1.00597315
1.00630134
1.00664941
1.00699816
1.00735013
1.00774623
1.00811525
1.00850196
1.00889757
1.00929542
1.00972104
1.01013433
1.01051384
1.01097006
1.01145544
1.01194255
1.01242919
1.01291486
1.01340596
1.01388424
1.01435382
1.01482573
1.01529724
1.01577324
1.01624191
1.01669734
1.01715096
1.01759284
1.01802208
1.01843236
1.01884095
1.01923004
1.01960201
1.01997160
1.02033525
1.02067199
1.02097639
1.02127928
1.02150676
1.02173116
1.02196535
1.02215303
1.02226717
1.02238358
1.02251513
1.02263388
1.02274420
1.02283339
1.02289657
1.02295091
1.02301108
1.02304022
1.02304663
1.02304694
1.02304712
1.02311372
1.02318729
1.02327579
1.02337615
1.02348344
1.02358550
1.02366144
1.02374201
1.02396219
1.02425257
1.02454423
1.02483185
1.02512098
1.02541750
1.02571725
1.02603285
1.02637204
1.02671289
1.02705293
1.02739736
1.02775218
1.02811012
1.02846312
1.02881601
1.02917798
1.02953411
1.02989325
1.03025418
1.03061763
1.03095669
1.03130690
1.03167153
1.03205629
1.03245064
1.03285871
1.03325655
1.03365591
1.03405366
1.03445432
1.03484945
1.03524171
1.03563527
1.03602897
1.03641068
1.03678761
1.03718011
1.03759167
1.03800347
1.03842708
1.03885842
1.03929689
1.03973766
1.04018040
1.04067410
1.04116577
1.04164749
1.04211165
1.04257849
1.04304720
1.04351394
1.04399587
1.04448894
1.04498523
1.04548790
1.04599539
1.04649828
1.04698459
1.04747712
1.04797394
1.04847066
1.04897800
1.04949022
1.05000553
1.05052372
1.05104530
1.05156503
1.05208098
1.05260376
1.05310568
1.05352435
