1.00022725
1.00075988
1.00129515
1.00183682
1.00238512
1.00293408
1.00348142
1.00402347
1.00456571
1.00510715
1.00564774
1.00618965
1.00673477
1.00727308
1.00781152
1.00835117
1.00888627
1.00942915
1.00997337
1.01051845
1.01107930
1.01163221
1.01218615
1.01274609
1.01330815
1.01388109
1.01445459
1.01503670
1.01562450
1.01620737
1.01678919
1.01737569
1.01796284
1.01854406
1.01912375
1.01970292
1.02025488
1.02080550
1.02135507
1.02190341
1.02244739
1.02298506
1.02353607
1.02408329
1.02462051
1.02515733
1.02567002
1.02618667
1.02669591
1.02720588
1.02771222
1.02820973
1.02871407
1.02920330
1.02969024
1.03017937
1.03066691
1.03114335
1.03162021
1.03209820
1.03256561
1.03302324
1.03347541
1.03390913
1.03434526
1.03478148
1.03521528
1.03564023
1.03605576
1.03646698
1.03690101
1.03733744
1.03776843
1.03821104
1.03865725
1.03911600
1.03957473
1.04006023
1.04057612
1.04112515
1.04167915
1.04223198
1.04278525
1.04335202
1.04391849
1.04448554
1.04506268
1.04563960
1.04621361
1.04678743
1.04736111
1.04793593
1.04851077
1.04908537
1.04966416
1.05024183
1.05082009
1.05140188
1.05198302
1.05256500
1.05314545
1.05372958
1.05431622
1.05490083
1.05548760
1.05606354
1.05664093
1.05721864
1.05779815
1.05837536
1.05895011
1.05952624
1.06010315
1.06067349
1.06124415
1.06182393
1.06240818
1.06299426
1.06358468
1.06417493
1.06476516
1.06535714
1.06594762
1.06654985
1.06715284
1.06775007
1.06834895
1.06894684
1.06954743
1.07014908
1.07075514
1.07136151
1.07196815
1.07257541
1.07318675
1.07379860
1.07440103
1.07500313
1.07560641
1.07621082
1.07681747
1.07743105
1.07804556
1.07865372
1.07926104
1.07986944
1.08047571
1.08108528
1.08169628
1.08231743
