1.00027503
1.00084243
1.00141047
1.00197943
1.00255011
1.00312148
1.00369345
1.00426565
1.00483851
1.00541205
1.00598596
1.00656063
1.00713625
1.00771106
1.00828629
1.00886258
1.00943935
1.01001734
1.01059607
1.01117546
1.01175750
1.01234037
1.01292394
1.01350814
1.01409323
1.01468027
1.01526826
1.01585837
1.01645062
1.01704628
1.01764265
1.01824022
1.01883874
1.01943804
1.02003759
1.02063802
1.02124009
1.02184290
1.02244656
1.02305099
1.02365610
1.02426176
1.02486787
1.02547449
1.02608194
1.02669024
1.02729909
1.02790866
1.02851755
1.02912636
1.02973569
1.03034493
1.03095530
1.03156601
1.03217637
1.03278805
1.03340041
1.03401347
1.03462760
1.03524270
1.03585842
1.03647466
1.03709098
1.03770806
1.03832587
1.03894442
1.03956340
1.04018225
1.04080175
1.04142186
1.04204289
1.04266453
1.04328683
1.04391004
1.04453407
1.04515901
1.04578472
1.04641141
1.04703883
1.04766655
1.04829510
1.04892410
1.04955366
1.05018392
1.05081490
1.05144622
1.05207669
1.05270827
1.05334035
1.05397316
1.05460660
1.05524065
1.05587554
1.05651125
1.05714801
1.05778525
1.05842035
1.05905650
1.05969287
1.06032942
1.06096572
1.06160241
1.06223972
1.06287760
1.06351628
1.06415513
1.06479503
1.06543579
1.06607694
1.06671869
1.06736083
1.06800422
1.06864840
1.06929319
1.06993851
1.07058525
1.07123252
1.07188080
1.07252995
1.07317961
1.07383004
1.07448142
1.07513358
1.07578770
1.07644256
1.07709792
1.07775433
1.07841149
1.07906930
1.07972772
1.08038684
1.08104719
1.08170920
1.08237202
1.08303596
1.08370074
1.08436571
1.08503117
1.08569750
1.08636463
1.08703292
1.08770219
1.08837194
1.08904261
1.08971375
1.09038573
1.09105835
1.09173235
1.09240730
1.09308438
