1.00005015
1.00042642
1.00080111
1.00118263
1.00157640
1.00197011
1.00236360
1.00274276
1.00311996
1.00349654
1.00387183
1.00425729
1.00466298
1.00502528
1.00538180
1.00574449
1.00601959
1.00631113
1.00661568
1.00692253
1.00728954
1.00761655
1.00795095
1.00830307
1.00865173
1.00905515
1.00943098
1.00980512
1.01028725
1.01082230
1.01135740
1.01189218
1.01242586
1.01293338
1.01342230
1.01390411
1.01426572
1.01461101
1.01494791
1.01527610
1.01556699
1.01582305
1.01606222
1.01627280
1.01639912
1.01652644
1.01657040
1.01659864
1.01657894
1.01656098
1.01647421
1.01635327
1.01624084
1.01598697
1.01572082
1.01547329
1.01520148
1.01491162
1.01461870
1.01433050
1.01392274
1.01349614
1.01303249
1.01253492
1.01203764
1.01154851
1.01102237
1.01048403
1.00986729
1.00924415
1.00867378
1.00810193
1.00755737
1.00705444
1.00655551
1.00609714
1.00558580
1.00518019
1.00506057
1.00523015
1.00541641
1.00558614
1.00575331
1.00600812
1.00626243
1.00651646
1.00686711
1.00721734
1.00755136
1.00788475
1.00821814
1.00855398
1.00888983
1.00922365
1.00957512
1.00991939
1.01026691
1.01062585
1.01097973
1.01133441
1.01167141
1.01203674
1.01241928
1.01278213
1.01314530
1.01347823
1.01380897
1.01414343
1.01447014
1.01479975
1.01508928
1.01538188
1.01567814
1.01595352
1.01622530
1.01653065
1.01685476
1.01718067
1.01750715
1.01783443
1.01816922
1.01851363
1.01885722
1.01927839
1.01970769
1.02010617
1.02048583
1.02086825
1.02124813
1.02162519
1.02199875
1.02237619
1.02279407
1.02320261
1.02363448
1.02406746
1.02447025
1.02487677
1.02529085
1.02570578
1.02614041
1.02658146
1.02702097
1.02742086
1.02781323
1.02821211
1.02860297
1.02901274
1.02942297
1.02986539
