1.00027996
1.00085142
1.00142353
1.00199638
1.00256997
1.00314426
1.00371892
1.00429368
1.00486929
1.00544523
1.00602153
1.00659856
1.00717620
1.00775403
1.00833205
1.00891114
1.00949025
1.01007023
1.01065090
1.01123224
1.01181504
1.01239844
1.01298240
1.01356715
1.01415260
1.01473943
1.01532696
1.01591572
1.01650625
1.01709934
1.01769309
1.01828763
1.01888289
1.01947902
1.02007573
1.02067319
1.02127236
1.02187233
1.02247308
1.02307457
1.02367684
1.02427978
1.02488327
1.02548739
1.02609232
1.02669801
1.02730448
1.02791149
1.02851926
1.02912775
1.02973697
1.03034677
1.03095739
1.03156871
1.03218050
1.03279326
1.03340673
1.03402095
1.03463590
1.03525164
1.03586817
1.03648538
1.03710305
1.03772151
1.03834071
1.03896051
1.03958108
1.04020224
1.04082425
1.04144703
1.04207040
1.04269452
1.04331942
1.04394507
1.04457150
1.04519853
1.04582633
1.04645471
1.04708330
1.04771129
1.04834031
1.04897006
1.04960055
1.05023159
1.05086339
1.05149584
1.05212733
1.05275988
1.05339332
1.05402779
1.05466287
1.05529879
1.05593574
1.05657343
1.05721192
1.05785113
1.05849070
1.05913107
1.05977217
1.06041408
1.06105664
1.06169998
1.06234428
1.06298924
1.06363500
1.06428146
1.06492891
1.06557710
1.06622626
1.06687608
1.06752649
1.06817767
1.06882967
1.06948197
1.07013526
1.07078941
1.07144439
1.07210021
1.07275656
1.07341372
1.07407169
1.07473052
1.07539018
1.07605081
1.07671225
1.07737446
1.07803756
1.07870146
1.07936620
1.08003175
1.08069783
1.08136471
1.08203244
1.08270099
1.08337066
1.08404121
1.08471222
1.08538371
1.08605582
1.08672846
1.08740196
1.08807627
1.08875110
1.08942686
1.09010358
1.09078119
1.09145956
1.09213898
1.09281932
1.09350101
