1.00023695
1.00077739
1.00131781
1.00185854
1.00239858
1.00293548
1.00347104
1.00400206
1.00453512
1.00506901
1.00560308
1.00613886
1.00668990
1.00724338
1.00779118
1.00835344
1.00889375
1.00942751
1.00996143
1.01049758
1.01106338
1.01162130
1.01219446
1.01277700
1.01335945
1.01394838
1.01453715
1.01512021
1.01571409
1.01631503
1.01691643
1.01751849
1.01811812
1.01871348
1.01929695
1.01988138
1.02045489
1.02102532
1.02159630
1.02216942
1.02272965
1.02329273
1.02386026
1.02441789
1.02495966
1.02549922
1.02603331
1.02656556
1.02709592
1.02762559
1.02816701
1.02868661
1.02920863
1.02972241
1.03023551
1.03075029
1.03125245
1.03174646
1.03224149
1.03274060
1.03323951
1.03373831
1.03424123
1.03477199
1.03529769
1.03583821
1.03637912
1.03691304
1.03745387
1.03798344
1.03854520
1.03910246
1.03967751
1.04026352
1.04084862
1.04142283
1.04197971
1.04253820
1.04311451
1.04370059
1.04430036
1.04490126
1.04550256
1.04611337
1.04673106
1.04735348
1.04797537
1.04859462
1.04921307
1.04983992
1.05046864
1.05109424
1.05171550
1.05233985
1.05296542
1.05359186
1.05421584
1.05484008
1.05546317
1.05608951
1.05671670
1.05734587
1.05797870
1.05860735
1.05923764
1.05986920
1.06049590
1.06111908
1.06174399
1.06237145
1.06299715
1.06362289
1.06424053
1.06485898
1.06547795
1.06611283
1.06675317
1.06739117
1.06803049
1.06867152
1.06931209
1.06995783
1.07059854
1.07124395
1.07189153
1.07250335
1.07310190
1.07370253
1.07429948
1.07487570
1.07544339
1.07600746
1.07657238
1.07714473
1.07771861
1.07828398
1.07884020
1.07940174
1.07996788
1.08052363
1.08109452
1.08167603
1.08225895
1.08283356
1.08340649
1.08397600
1.08454140
1.08511007
1.08568142
1.08626136
