1.00016139
1.00063441
1.00110751
1.00158505
1.00207891
1.00257318
1.00306456
1.00354238
1.00401936
1.00449636
1.00497386
1.00545708
1.00595619
1.00641126
1.00686239
1.00731490
1.00772049
1.00812065
1.00853321
1.00897719
1.00943660
1.00988931
1.01034415
1.01080585
1.01125989
1.01177026
1.01227178
1.01279218
1.01333647
1.01386291
1.01438866
1.01491499
1.01543496
1.01593778
1.01643929
1.01693078
1.01723684
1.01753073
1.01781663
1.01809436
1.01834404
1.01857712
1.01880635
1.01902210
1.01919421
1.01935921
1.01944790
1.01953773
1.01960366
1.01967331
1.01972366
1.01976257
1.01980897
1.01979647
1.01977172
1.01976158
1.01973476
1.01970516
1.01967999
1.01963632
1.01958628
1.01952824
1.01944419
1.01935470
1.01920248
1.01905239
1.01888466
1.01869822
1.01843780
1.01824637
1.01806700
1.01788331
1.01762102
1.01737384
1.01712375
1.01695616
1.01679437
1.01663345
1.01660035
1.01676086
1.01692683
1.01709472
1.01727397
1.01750835
1.01774234
1.01800089
1.01843360
1.01883139
1.01920252
1.01957412
1.01992582
1.02026469
1.02055921
1.02086339
1.02118854
1.02149421
1.02187279
1.02224919
1.02263156
1.02299657
1.02337813
1.02376380
1.02414717
1.02454688
1.02494342
1.02530746
1.02567482
1.02604989
1.02640045
1.02675736
1.02710599
1.02743615
1.02777004
1.02811615
1.02850079
1.02888638
1.02928934
1.02969090
1.03013935
1.03059062
1.03103792
1.03150008
1.03198580
1.03249887
1.03300216
1.03352960
1.03406065
1.03460939
1.03516739
1.03573506
1.03630016
1.03686543
1.03743108
1.03799768
1.03856469
1.03912778
1.03969690
1.04026812
1.04083286
1.04139814
1.04195605
1.04251616
1.04306654
1.04361941
1.04416971
1.04471245
1.04524600
1.04578983
1.04633659
1.04689987
