1.00016451
1.00063829
1.00111128
1.00158797
1.00207482
1.00256163
1.00304660
1.00351820
1.00399035
1.00446291
1.00493263
1.00541883
1.00592918
1.00640680
1.00687820
1.00737606
1.00786790
1.00837492
1.00888611
1.00939718
1.00994896
1.01049363
1.01105212
1.01161382
1.01217858
1.01274362
1.01330906
1.01387192
1.01440263
1.01479618
1.01518668
1.01558419
1.01597417
1.01635282
1.01672450
1.01708101
1.01718749
1.01723576
1.01728632
1.01732952
1.01732150
1.01727400
1.01724686
1.01720585
1.01713023
1.01709374
1.01702115
1.01694421
1.01683919
1.01670933
1.01644864
1.01617199
1.01589599
1.01549210
1.01508136
1.01468201
1.01426280
1.01383673
1.01339741
1.01296731
1.01247394
1.01205023
1.01160662
1.01112415
1.01064529
1.01028451
1.00989610
1.00949582
1.00899385
1.00848490
1.00816117
1.00783370
1.00764042
1.00758490
1.00753651
1.00750751
1.00746813
1.00749385
1.00769801
1.00809321
1.00848499
1.00887763
1.00927559
1.00968515
1.01009325
1.01051565
1.01104305
1.01157422
1.01210101
1.01262848
1.01315684
1.01368507
1.01421302
1.01474071
1.01527304
1.01579970
1.01632900
1.01686299
1.01739676
1.01793097
1.01845667
1.01899211
1.01953976
1.02007474
1.02061048
1.02113194
1.02165484
1.02218611
1.02271794
1.02323573
1.02374378
1.02425341
1.02476364
1.02524060
1.02570689
1.02619929
1.02669899
1.02719994
1.02769057
1.02818126
1.02867709
1.02917932
1.02968906
1.03022094
1.03075365
1.03128315
1.03180712
1.03233297
1.03285850
1.03338840
1.03389020
1.03439168
1.03489383
1.03539662
1.03591541
1.03643443
1.03694712
1.03746413
1.03798272
1.03850195
1.03902754
1.03955976
1.04009234
1.04059833
1.04110538
1.04160835
1.04210838
1.04261239
1.04312340
1.04365125
