0.99995595
1.00024399
1.00052258
1.00084152
1.00123301
1.00166167
1.00209337
1.00250806
1.00292934
1.00333606
1.00376081
1.00418987
1.00463464
1.00497141
1.00527371
1.00558750
1.00584660
1.00613522
1.00643687
1.00674289
1.00704893
1.00737165
1.00769924
1.00801542
1.00832174
1.00862480
1.00889490
1.00911238
1.00932502
1.00953965
1.00974765
1.00996250
1.01019452
1.01043627
1.01059651
1.01074235
1.01088589
1.01105599
1.01126311
1.01149172
1.01184462
1.01219965
1.01254438
1.01286853
1.01320632
1.01362637
1.01404016
1.01443028
1.01484304
1.01514601
1.01547343
1.01572185
1.01595709
1.01621138
1.01646758
1.01672807
1.01689958
1.01701477
1.01713346
1.01725942
1.01735702
1.01738174
1.01735751
1.01737844
1.01728779
1.01719380
1.01712241
1.01704132
1.01697506
1.01690724
1.01688325
1.01687028
1.01687635
1.01684520
1.01683262
1.01699102
1.01714080
1.01729756
1.01756741
1.01787649
1.01819125
1.01850837
1.01882399
1.01912788
1.01944690
1.01975941
1.02006599
1.02036459
1.02066067
1.02096688
1.02127632
1.02158679
1.02189235
1.02217415
1.02247358
1.02276178
1.02308900
1.02342398
1.02376134
1.02412927
1.02450428
1.02486582
1.02522971
1.02558784
1.02594647
1.02632765
1.02671942
1.02711059
1.02750435
1.02790413
1.02833050
1.02875621
1.02917619
1.02958597
1.03000155
1.03041722
1.03079275
1.03110297
1.03136826
1.03166272
1.03194557
1.03222763
1.03252506
1.03282004
1.03316629
1.03347903
1.03371544
1.03394557
1.03417064
1.03437640
1.03460221
1.03481672
1.03503109
1.03526057
1.03549170
1.03575019
1.03597009
1.03616606
1.03637110
1.03662716
1.03687696
1.03715229
1.03742583
1.03773564
1.03807929
1.03845266
1.03885246
1.03925438
1.03964420
1.03998464
