1.00641285
1.02123095
1.02050978
1.03710366
1.05261238
1.07053307
1.09062152
1.11073685
1.13101098
1.15160254
1.17300893
1.19721220
1.22122049
1.24840133
1.27634982
1.30448864
1.33500312
1.36151105
1.39529098
1.42891279
1.46559645
1.50351035
1.54221243
1.42168690
1.46374710
1.50496387
1.55190728
1.60120892
1.65125659
1.70614751
1.76474718
1.78462445
1.85081053
1.92667754
2.00367665
2.09378394
2.18814877
2.29279519
0.22711242
0.23831474
0.24853667
0.26362189
0.27706628
0.29215000
0.31192773
0.33580971
0.33787471
0.36025438
0.12065316
0.12976320
0.13394971
0.13614597
0.08364706
0.10312414
0.09607323
0.12042503
0.15230704
nan
