1.00734514
1.02067349
0.94469548
0.95792075
0.97078907
0.98868784
1.00354341
1.02137294
1.03592480
1.05288442
1.07158881
1.09204981
1.11383585
1.13646626
1.16152158
1.18866975
1.19750363
1.22109701
1.25109187
1.28418639
1.31473371
1.34765369
1.38120381
0.88574661
0.90945079
0.93773856
0.96585157
0.98563692
1.01749427
1.04446983
1.04543191
1.08209015
1.11324629
1.15260165
1.19796506
1.25022111
1.29107765
0.65513447
0.67802286
0.70799239
0.74089026
0.78550576
0.82496389
0.87759828
0.93475963
1.00868356
0.95663200
0.24441527
0.26480601
0.26760577
0.26823088
0.21064783
0.20197667
0.18959296
0.17968213
0.18322390
0.34355429
