1.00465477
1.01638400
1.01585625
1.03009468
1.04282740
1.06103126
1.08068464
1.09986194
1.11687777
1.13683610
1.15625328
1.18077740
1.20013645
1.22513510
1.25148921
1.27349178
1.30174831
1.31319152
1.34473356
1.37379814
1.40823732
1.44321472
1.47899344
1.29433252
1.33132339
1.36800236
1.41108868
1.45288400
1.49918532
1.54780935
1.59808925
1.48180695
1.53341085
1.59681562
1.65189299
1.72443481
1.79330551
1.87624256
0.32252798
0.33751186
0.35191169
0.37261708
0.38491484
0.40730236
0.43449555
0.46864374
0.46412942
0.48973223
0.22937546
0.24453165
0.25733122
0.27241000
0.18394975
0.22916648
0.22715542
0.23040812
0.30946558
nan
