1.00025109
1.00079260
1.00133475
1.00187595
1.00241933
1.00296496
1.00350977
1.00404944
1.00459029
1.00512935
1.00566786
1.00620743
1.00674784
1.00726420
1.00777897
1.00829289
1.00880924
1.00932983
1.00985347
1.01037209
1.01089343
1.01141949
1.01194582
1.01247360
1.01301067
1.01354984
1.01408746
1.01462587
1.01516451
1.01570435
1.01624446
1.01678734
1.01733567
1.01789559
1.01845289
1.01901520
1.01957885
1.02014656
1.02071487
1.02128364
1.02187373
1.02246412
1.02305694
1.02365216
1.02424915
1.02485204
1.02545546
1.02606088
1.02666610
1.02725087
1.02783460
1.02841437
1.02899723
1.02956624
1.03012992
1.03069480
1.03121584
1.03172462
1.03223589
1.03272910
1.03320913
1.03368316
1.03415414
1.03463589
1.03509829
1.03557269
1.03603132
1.03648493
1.03693163
1.03737892
1.03784352
1.03830569
1.03878112
1.03925986
1.03974108
1.04025179
1.04076366
1.04130579
1.04188280
1.04249429
1.04310404
1.04371519
1.04432268
1.04493635
1.04555149
1.04616931
1.04679141
1.04741386
1.04803489
1.04865559
1.04927742
1.04989975
1.05052238
1.05114361
1.05176318
1.05238504
1.05299955
1.05361524
1.05423075
1.05484758
1.05546351
1.05608103
1.05669782
1.05731217
1.05792756
1.05853931
1.05915204
1.05976526
1.06037379
1.06097801
1.06157626
1.06217532
1.06277549
1.06337372
1.06397426
1.06457905
1.06518401
1.06579280
1.06640098
1.06701185
1.06762102
1.06823179
1.06884652
1.06946333
1.07008475
1.07070766
1.07133029
1.07195316
1.07257837
1.07320499
1.07383130
1.07445925
1.07508784
1.07571567
1.07634435
1.07697446
1.07761115
1.07824905
1.07888908
1.07952990
1.08017267
1.08081731
1.08146288
1.08211126
1.08276149
1.08341151
1.08406137
1.08470877
1.08537008
1.08603977
