1.00137267
1.00947122
0.98185894
0.99478959
1.00745855
1.02435641
1.04156092
1.05976974
1.06934957
1.08562045
1.10203490
1.12399824
1.13173031
1.14689252
1.17096878
1.18297331
1.20219919
1.19356016
1.22155399
1.24995976
1.28240557
1.30830380
1.34169841
1.23452780
1.26568131
1.29985547
1.25011386
1.27953755
1.31959591
1.33521161
1.37598511
0.65034881
0.65328102
0.67776333
0.68122539
0.70425946
0.69881537
0.71864098
0.73933624
0.77452573
0.80905693
0.85696823
0.86796625
0.91949315
0.98071601
1.05067369
1.05189460
1.11619208
0.37085127
0.36756983
0.39338674
0.39445418
0.36002976
0.36964365
0.40587502
0.45483689
0.56661698
nan
