1.00026313
1.00081636
1.00137088
1.00192584
1.00248393
1.00304409
1.00360470
1.00416285
1.00472182
1.00528034
1.00584004
1.00639750
1.00695636
1.00750275
1.00804957
1.00859716
1.00914581
1.00969732
1.01025005
1.01080238
1.01135585
1.01191218
1.01246897
1.01302511
1.01358498
1.01414572
1.01470417
1.01526334
1.01582269
1.01638266
1.01694333
1.01750578
1.01807091
1.01863963
1.01920606
1.01977569
1.02034597
1.02091924
1.02149387
1.02206926
1.02266058
1.02325299
1.02384701
1.02444238
1.02503897
1.02563939
1.02623998
1.02684053
1.02744141
1.02802539
1.02860989
1.02919123
1.02977431
1.03034995
1.03092434
1.03149938
1.03204978
1.03259185
1.03313500
1.03367613
1.03421337
1.03474533
1.03527582
1.03580809
1.03633229
1.03686415
1.03738504
1.03790408
1.03842066
1.03893791
1.03947655
1.04001737
1.04056977
1.04112437
1.04167883
1.04224691
1.04281576
1.04339843
1.04399652
1.04461495
1.04523302
1.04585196
1.04647010
1.04709037
1.04771160
1.04833377
1.04895681
1.04957989
1.05020306
1.05082716
1.05145270
1.05207899
1.05270596
1.05333342
1.05396144
1.05459110
1.05521746
1.05584560
1.05647416
1.05710361
1.05773408
1.05836526
1.05899621
1.05962569
1.06025594
1.06088285
1.06151067
1.06213848
1.06276479
1.06339042
1.06401251
1.06463471
1.06525804
1.06587879
1.06650100
1.06712525
1.06775096
1.06837894
1.06900538
1.06963455
1.07026352
1.07089376
1.07152584
1.07215931
1.07279337
1.07342681
1.07405950
1.07469257
1.07532811
1.07596409
1.07660037
1.07723849
1.07787781
1.07851858
1.07915998
1.07980387
1.08045003
1.08109723
1.08174862
1.08240090
1.08305501
1.08371139
1.08436844
1.08502974
1.08569471
1.08636276
1.08703097
1.08769885
1.08836720
1.08903419
