0.99997621
1.00024781
1.00052173
1.00081017
1.00112328
1.00145433
1.00178941
1.00213023
1.00246644
1.00279446
1.00315446
1.00351598
1.00389237
1.00429552
1.00468524
1.00508576
1.00547958
1.00589831
1.00633019
1.00676591
1.00718709
1.00763358
1.00808051
1.00850401
1.00893049
1.00935421
1.00971530
1.00999078
1.01023354
1.01047330
1.01071169
1.01096477
1.01124763
1.01156247
1.01182745
1.01209396
1.01237301
1.01268869
1.01302062
1.01339269
1.01383044
1.01426859
1.01470766
1.01513658
1.01556698
1.01605045
1.01650945
1.01694602
1.01741591
1.01788652
1.01836059
1.01877201
1.01917644
1.01955788
1.01993654
1.02031433
1.02061730
1.02087306
1.02114068
1.02141251
1.02165664
1.02184882
1.02200402
1.02218136
1.02231214
1.02244376
1.02257403
1.02269235
1.02280444
1.02291332
1.02303689
1.02315939
1.02330836
1.02340128
1.02349214
1.02366490
1.02381088
1.02394666
1.02420433
1.02456000
1.02490292
1.02524667
1.02558758
1.02592829
1.02626746
1.02661992
1.02698867
1.02735862
1.02771954
1.02809389
1.02847277
1.02885940
1.02923327
1.02960739
1.02999067
1.03035306
1.03073196
1.03113557
1.03153618
1.03195165
1.03237782
1.03280795
1.03323290
1.03366077
1.03408336
1.03449222
1.03491537
1.03532794
1.03574044
1.03615170
1.03655901
1.03696587
1.03737476
1.03777228
1.03817008
1.03856530
1.03895610
1.03935652
1.03974338
1.04014003
1.04053039
1.04092375
1.04133349
1.04173898
1.04215667
1.04252807
1.04284299
1.04315498
1.04347834
1.04378772
1.04410030
1.04439674
1.04469052
1.04500208
1.04531532
1.04565846
1.04600592
1.04634375
1.04671939
1.04713527
1.04755587
1.04799987
1.04844419
1.04893588
1.04946813
1.05001844
1.05057400
1.05113014
1.05167322
1.05218994
