1.00738769
1.02484482
1.03909956
1.05715994
1.07570276
1.09519649
1.11622873
1.13791078
1.15854960
1.18093889
1.20386061
1.22903816
1.25074296
1.27846616
1.30728944
1.33794261
1.36868453
1.39951775
1.43395439
1.47120488
1.50986447
1.55045117
1.59227789
1.62105161
1.66925102
1.71972327
1.77505804
1.83095128
1.89209538
1.95588129
2.02764490
1.95563686
2.03211945
2.11451462
2.20181026
2.29945487
2.40729775
2.52306059
0.10953148
0.11375584
0.11759328
0.12460885
0.12882405
0.13638349
0.14305113
0.15196722
0.15332935
0.16665041
0.05726765
0.06049309
0.06052852
0.05572659
0.05513634
0.06462154
0.06872065
0.09879517
0.10855939
nan
