1.00013084
1.00055228
1.00097612
1.00139973
1.00184205
1.00230171
1.00275278
1.00317515
1.00359761
1.00402715
1.00446433
1.00489606
1.00532835
1.00575048
1.00617283
1.00660274
1.00702111
1.00746378
1.00791091
1.00836812
1.00880359
1.00924390
1.00968379
1.01012485
1.01056492
1.01100252
1.01141230
1.01177462
1.01213962
1.01251001
1.01288100
1.01324864
1.01363728
1.01405666
1.01445785
1.01485513
1.01524920
1.01566230
1.01607659
1.01648659
1.01696883
1.01745123
1.01794287
1.01843532
1.01893333
1.01945722
1.01996501
1.02044691
1.02096269
1.02143930
1.02192290
1.02237732
1.02283053
1.02327048
1.02369743
1.02411385
1.02447794
1.02482163
1.02517262
1.02553017
1.02583413
1.02611162
1.02636119
1.02663075
1.02682688
1.02702352
1.02717755
1.02730378
1.02742282
1.02753374
1.02763787
1.02774231
1.02788788
1.02791219
1.02794604
1.02805644
1.02808809
1.02797556
1.02813901
1.02845787
1.02875938
1.02905960
1.02935818
1.02961809
1.02988118
1.03017308
1.03052545
1.03088689
1.03123864
1.03160059
1.03198766
1.03239264
1.03279217
1.03319087
1.03362289
1.03403280
1.03445112
1.03487180
1.03529192
1.03571283
1.03615852
1.03660304
1.03704934
1.03750872
1.03796427
1.03841349
1.03886885
1.03931249
1.03976303
1.04020473
1.04063652
1.04107038
1.04150408
1.04190867
1.04230835
1.04271062
1.04310864
1.04351188
1.04393724
1.04440029
1.04486440
1.04533682
1.04583369
1.04632873
1.04683820
1.04734261
1.04783515
1.04833693
1.04884333
1.04935653
1.04987166
1.05038672
1.05090190
1.05142067
1.05193835
1.05247126
1.05301610
1.05355853
1.05411177
1.05467582
1.05524347
1.05581832
1.05639767
1.05702528
1.05765357
1.05828606
1.05891555
1.05954522
1.06015925
1.06066085
