1.00006847
1.00043264
1.00080366
1.00117076
1.00157176
1.00199440
1.00241269
1.00280586
1.00320546
1.00360148
1.00401723
1.00443408
1.00486216
1.00527952
1.00569654
1.00612514
1.00650807
1.00690168
1.00730000
1.00770362
1.00810218
1.00849380
1.00887853
1.00926565
1.00965271
1.01003975
1.01038339
1.01067214
1.01096144
1.01125004
1.01153784
1.01183318
1.01215270
1.01249707
1.01282720
1.01315803
1.01347265
1.01381338
1.01416631
1.01451917
1.01493749
1.01535367
1.01577892
1.01621497
1.01665739
1.01715655
1.01764796
1.01814938
1.01869884
1.01907698
1.01945036
1.01978768
1.02012598
1.02030409
1.02045915
1.02061934
1.02034375
1.02005252
1.01972242
1.01936623
1.01892101
1.01835702
1.01775383
1.01713937
1.01629237
1.01547494
1.01448907
1.01351920
1.01241578
1.01131136
1.01014013
1.00895658
1.00786107
1.00655475
1.00524772
1.00417972
1.00306364
1.00206699
1.00160892
1.00171752
1.00170331
1.00169073
1.00167181
1.00179991
1.00192692
1.00205688
1.00245820
1.00286296
1.00323070
1.00360970
1.00400144
1.00442133
1.00483814
1.00526668
1.00572706
1.00617270
1.00662875
1.00709124
1.00755687
1.00802041
1.00849116
1.00896341
1.00942169
1.00987670
1.01032715
1.01074504
1.01116982
1.01159256
1.01199541
1.01238307
1.01274220
1.01309989
1.01346366
1.01383170
1.01420641
1.01458155
1.01497297
1.01537525
1.01575677
1.01613668
1.01650932
1.01690656
1.01733681
1.01777456
1.01820443
1.01859808
1.01896366
1.01933828
1.01972435
1.02013169
1.02053240
1.02091622
1.02130266
1.02168778
1.02208447
1.02251494
1.02292530
1.02333493
1.02377275
1.02421826
1.02468450
1.02516316
1.02564084
1.02613210
1.02664323
1.02715100
1.02765883
1.02817217
1.02867776
1.02917697
