1.00847981
1.02627916
1.04476274
1.06394044
1.08368346
1.10418215
1.12569746
1.14792523
1.17101700
1.19518762
1.22031943
1.24654390
1.27415199
1.30309531
1.33325197
1.36487888
1.39775155
1.43259144
1.46902109
1.50736504
1.54781125
1.59046558
1.63547320
1.68286269
1.73351832
1.78732998
1.84485524
1.90584272
1.97109622
2.04116871
2.11633644
2.19664099
2.28384538
2.37841191
2.48120935
2.59334005
2.71603236
2.85122789
0.01345142
0.01370132
0.01367055
0.01403223
0.01427021
0.01445881
0.01420443
0.01465977
0.01524650
0.01627652
0.01422341
0.01476183
0.01480753
0.01437097
0.01501561
0.01633605
0.01672717
0.01904055
0.02047606
nan
