1.00021060
1.00070549
1.00122271
1.00175535
1.00231125
1.00286393
1.00341874
1.00397509
1.00453335
1.00509088
1.00565914
1.00622709
1.00679629
1.00736714
1.00793615
1.00850738
1.00905228
1.00958793
1.01012514
1.01066009
1.01119195
1.01170861
1.01222618
1.01274195
1.01325648
1.01377105
1.01426897
1.01474288
1.01521714
1.01569330
1.01616946
1.01664795
1.01713722
1.01767040
1.01819401
1.01874510
1.01929431
1.01984767
1.02040142
1.02095996
1.02155153
1.02214583
1.02274736
1.02333716
1.02392751
1.02451361
1.02510778
1.02569883
1.02627628
1.02681016
1.02736192
1.02789599
1.02842959
1.02894402
1.02945859
1.02997455
1.03040950
1.03082549
1.03123885
1.03166178
1.03205680
1.03244410
1.03284810
1.03330603
1.03371562
1.03416385
1.03460497
1.03504602
1.03547963
1.03590398
1.03640805
1.03688965
1.03741316
1.03795413
1.03849434
1.03905736
1.03959563
1.04012812
1.04069730
1.04128610
1.04187878
1.04247621
1.04308450
1.04369925
1.04431335
1.04492869
1.04551529
1.04610069
1.04668982
1.04727704
1.04786363
1.04844503
1.04903091
1.04962199
1.05020082
1.05080474
1.05141373
1.05202575
1.05263811
1.05325530
1.05388727
1.05452138
1.05515297
1.05578723
1.05642956
1.05707582
1.05772518
1.05837401
1.05902316
1.05967674
1.06033061
1.06098471
1.06163598
1.06228952
1.06294532
1.06360163
1.06426035
1.06491914
1.06557556
1.06623328
1.06689221
1.06755479
1.06821905
1.06888315
1.06954842
1.07019639
1.07082580
1.07145219
1.07208059
1.07269157
1.07329388
1.07388145
1.07446802
1.07505617
1.07563572
1.07623088
1.07682304
1.07741583
1.07801538
1.07861391
1.07920928
1.07981621
1.08042335
1.08102601
1.08162715
1.08222378
1.08282858
1.08344449
1.08405888
1.08466213
