1.00578985
1.02106640
0.99799532
1.01346265
1.02966909
1.04731684
1.06690925
1.08584587
1.10358120
1.12350650
1.14482845
1.16763365
1.16826341
1.19132473
1.21527751
1.23744055
1.26600822
1.29473592
1.32634434
1.35970137
1.39237754
1.42583655
1.46405079
1.42757969
1.46638486
1.50804290
1.55370882
1.60277730
1.65589592
1.70199094
1.76036901
0.27591455
0.27673413
0.28483025
0.28573760
0.29441466
0.29205990
0.29923244
0.30823975
0.32298990
0.34065112
0.36126340
0.35438070
0.36888242
0.39349256
0.41250814
0.42948819
0.46229304
0.13767559
0.14382442
0.15561395
0.13966863
0.15005799
0.15432012
0.16739035
0.19692796
0.20456992
nan
