1.00028296
1.00085551
1.00142873
1.00200258
1.00257708
1.00315227
1.00372784
1.00430356
1.00487994
1.00545667
1.00603383
1.00661179
1.00719024
1.00776848
1.00834693
1.00892608
1.00950538
1.01008578
1.01066685
1.01124859
1.01183108
1.01241440
1.01299828
1.01358293
1.01416854
1.01475488
1.01534190
1.01592961
1.01651827
1.01710763
1.01769764
1.01828840
1.01888017
1.01947309
1.02006655
1.02066110
1.02125636
1.02185249
1.02244933
1.02304686
1.02364580
1.02424526
1.02484522
1.02544587
1.02604725
1.02664999
1.02725323
1.02785733
1.02846303
1.02907080
1.02967926
1.03028832
1.03089812
1.03150860
1.03211957
1.03273126
1.03334375
1.03395695
1.03457098
1.03518572
1.03580119
1.03641724
1.03703375
1.03765104
1.03826904
1.03888779
1.03950732
1.04012744
1.04074826
1.04136983
1.04199208
1.04261510
1.04323896
1.04386357
1.04448892
1.04511540
1.04574264
1.04637070
1.04699951
1.04762833
1.04825802
1.04888843
1.04951959
1.05015160
1.05078437
1.05141786
1.05205050
1.05268381
1.05331809
1.05395314
1.05458884
1.05522520
1.05586232
1.05650023
1.05713879
1.05777808
1.05841760
1.05905786
1.05969883
1.06034060
1.06098335
1.06162691
1.06227116
1.06291607
1.06356176
1.06420790
1.06485523
1.06550362
1.06615298
1.06680324
1.06745408
1.06810586
1.06875876
1.06941197
1.07006616
1.07072115
1.07137700
1.07203369
1.07269084
1.07334882
1.07400759
1.07466718
1.07532786
1.07598932
1.07665155
1.07731479
1.07797908
1.07864418
1.07931034
1.07997734
1.08064488
1.08131319
1.08198234
1.08265234
1.08332338
1.08399534
1.08466782
1.08534084
1.08601449
1.08668867
1.08736373
1.08803940
1.08871558
1.08939286
1.09007088
1.09074972
1.09142939
1.09210984
1.09279112
1.09347321
