1.00014784
1.00058506
1.00103016
1.00147397
1.00193260
1.00240397
1.00287548
1.00332787
1.00377947
1.00423196
1.00469422
1.00515659
1.00562112
1.00611395
1.00660705
1.00710018
1.00756980
1.00803270
1.00849692
1.00895679
1.00942396
1.00990542
1.01038756
1.01087306
1.01136090
1.01184942
1.01230929
1.01276683
1.01322514
1.01367013
1.01411493
1.01456452
1.01502905
1.01549700
1.01594161
1.01638288
1.01682347
1.01727438
1.01774188
1.01825483
1.01877844
1.01928727
1.01979056
1.02029584
1.02080329
1.02136621
1.02192604
1.02248965
1.02305351
1.02346616
1.02389392
1.02429369
1.02467644
1.02500288
1.02531808
1.02562411
1.02547441
1.02527923
1.02504937
1.02479283
1.02446611
1.02403264
1.02357823
1.02311150
1.02251143
1.02188273
1.02107012
1.02023945
1.01944532
1.01876597
1.01800565
1.01724262
1.01650544
1.01567669
1.01484275
1.01435577
1.01386302
1.01354180
1.01351781
1.01379393
1.01406236
1.01434518
1.01463441
1.01497570
1.01525979
1.01556443
1.01608688
1.01661092
1.01711336
1.01761877
1.01814022
1.01867008
1.01918699
1.01970819
1.02024300
1.02075475
1.02129311
1.02181838
1.02233119
1.02282235
1.02333174
1.02383074
1.02432182
1.02482848
1.02533463
1.02582268
1.02627132
1.02666277
1.02700230
1.02735869
1.02767764
1.02794502
1.02814584
1.02835980
1.02864321
1.02887923
1.02914087
1.02939119
1.02971400
1.03000163
1.03028803
1.03059285
1.03096121
1.03132298
1.03167510
1.03208093
1.03247538
1.03293922
1.03340878
1.03391169
1.03439808
1.03487415
1.03534395
1.03581824
1.03629359
1.03675925
1.03729416
1.03786114
1.03845509
1.03905168
1.03965392
1.04026719
1.04086980
1.04149611
1.04212481
1.04274829
1.04336884
1.04398352
1.04459765
1.04520244
