1.00017348
1.00064340
1.00111631
1.00158482
1.00206124
1.00253272
1.00300604
1.00344942
1.00389310
1.00432139
1.00475465
1.00518634
1.00561162
1.00595117
1.00633821
1.00671931
1.00708747
1.00746570
1.00784409
1.00821562
1.00861549
1.00901555
1.00944186
1.00988083
1.01031382
1.01075212
1.01120849
1.01168123
1.01216328
1.01264770
1.01313471
1.01365102
1.01416787
1.01469059
1.01517626
1.01566053
1.01618307
1.01670347
1.01722572
1.01774696
1.01825018
1.01875631
1.01925648
1.01978471
1.02031145
1.02086079
1.02139717
1.02192233
1.02244287
1.02297286
1.02355980
1.02412438
1.02463437
1.02502494
1.02532191
1.02534620
1.02544141
1.02453164
1.02361625
1.02015030
1.01657805
1.01295519
1.00933373
1.00565836
1.00199522
0.99857349
0.99435747
0.98988286
0.98528154
0.98039431
0.97689607
0.97341265
0.97033559
0.96773671
0.96513566
0.96329908
0.96112107
0.96053836
0.95990532
0.96019659
0.96044232
0.96066701
0.96082982
0.96108515
0.96134005
0.96167977
0.96216282
0.96265121
0.96318421
0.96374779
0.96431119
0.96487883
0.96545050
0.96599687
0.96656450
0.96712621
0.96769228
0.96823705
0.96880029
0.96936318
0.96994432
0.97053062
0.97111965
0.97170707
0.97230072
0.97287419
0.97345280
0.97402976
0.97457250
0.97507445
0.97557293
0.97608612
0.97660393
0.97708271
0.97755907
0.97802750
0.97843537
0.97881276
0.97921564
0.97961923
0.98002132
0.98046597
0.98091436
0.98137571
0.98182247
0.98227369
0.98272092
0.98318954
0.98366050
0.98414454
0.98461925
0.98507004
0.98551530
0.98597543
0.98645417
0.98695125
0.98746470
0.98797964
0.98849502
0.98900995
0.98954128
0.99007084
0.99060465
0.99113706
0.99167060
0.99224077
0.99281056
0.99336958
0.99393209
0.99448224
