1.00004498
1.00041784
1.00078569
1.00115058
1.00151635
1.00187274
1.00224531
1.00262155
1.00300220
1.00337036
1.00375705
1.00418032
1.00460360
1.00499960
1.00543982
1.00591515
1.00635347
1.00678029
1.00721166
1.00764242
1.00806230
1.00845736
1.00886724
1.00927573
1.00966678
1.01005338
1.01041502
1.01076802
1.01113097
1.01149581
1.01188459
1.01228727
1.01269198
1.01308625
1.01342178
1.01373917
1.01403046
1.01432283
1.01460863
1.01490068
1.01517652
1.01548556
1.01579710
1.01611913
1.01643748
1.01676705
1.01710607
1.01741343
1.01775284
1.01810907
1.01857012
1.01897401
1.01938162
1.01979066
1.02021249
1.02067961
1.02114867
1.02161186
1.02203993
1.02209064
1.02213845
1.02210448
1.02203351
1.02201247
1.02197444
1.02195960
1.02187623
1.02167719
1.02150539
1.02132712
1.02126495
1.02119750
1.02115080
1.02112983
1.02096958
1.02105462
1.02108394
1.02115153
1.02141159
1.02178848
1.02220328
1.02262963
1.02304466
1.02344894
1.02385424
1.02426673
1.02467448
1.02509843
1.02552221
1.02594832
1.02638886
1.02683149
1.02725650
1.02767925
1.02808831
1.02848140
1.02891043
1.02930797
1.02968144
1.03007274
1.03045947
1.03083241
1.03120775
1.03158550
1.03196482
1.03231276
1.03265881
1.03302675
1.03340385
1.03380545
1.03425580
1.03470188
1.03513408
1.03557582
1.03601461
1.03648283
1.03700340
1.03750489
1.03797313
1.03844228
1.03892521
1.03939403
1.03985560
1.04031368
1.04078283
1.04122108
1.04156144
1.04190890
1.04226847
1.04262437
1.04295837
1.04327153
1.04360980
1.04395524
1.04436831
1.04475220
1.04506491
1.04535861
1.04563456
1.04593070
1.04624534
1.04657808
1.04692491
1.04728574
1.04762971
1.04802408
1.04846007
1.04888436
1.04929855
1.04970339
