1.00016030
1.00061548
1.00106560
1.00151445
1.00196660
1.00241185
1.00286387
1.00330993
1.00375873
1.00418953
1.00462907
1.00508105
1.00553832
1.00595657
1.00638816
1.00683757
1.00726261
1.00768795
1.00811425
1.00854171
1.00898669
1.00942230
1.00986923
1.01030925
1.01074689
1.01119600
1.01163296
1.01206048
1.01251076
1.01296586
1.01342258
1.01389755
1.01437296
1.01483973
1.01530171
1.01575136
1.01622004
1.01669358
1.01716754
1.01763994
1.01809433
1.01856347
1.01902930
1.01949769
1.01996685
1.02043532
1.02090096
1.02136184
1.02181068
1.02226187
1.02280967
1.02333644
1.02386423
1.02439272
1.02492665
1.02543987
1.02596305
1.02645318
1.02686762
1.02669349
1.02651808
1.02628806
1.02604975
1.02581548
1.02558699
1.02538731
1.02498985
1.02446193
1.02391805
1.02332913
1.02304239
1.02268592
1.02237406
1.02207859
1.02173519
1.02167280
1.02146614
1.02138914
1.02152352
1.02199871
1.02246117
1.02292988
1.02338786
1.02384076
1.02429974
1.02478144
1.02529821
1.02582484
1.02635247
1.02688472
1.02741628
1.02795061
1.02847963
1.02901429
1.02955187
1.03008892
1.03062424
1.03115837
1.03168599
1.03221891
1.03275500
1.03329629
1.03383805
1.03438001
1.03492620
1.03545443
1.03600345
1.03654971
1.03708715
1.03762078
1.03815756
1.03869581
1.03923203
1.03974963
1.04026273
1.04077773
1.04126783
1.04173228
1.04217907
1.04263067
1.04308483
1.04353610
1.04398878
1.04445643
1.04492588
1.04538682
1.04581693
1.04626723
1.04671792
1.04717172
1.04762160
1.04806525
1.04853187
1.04901122
1.04950854
1.05001411
1.05050642
1.05101213
1.05154720
1.05208479
1.05263213
1.05319793
1.05377217
1.05435947
1.05494229
1.05556186
1.05619360
1.05681755
1.05745453
1.05808503
