1.00454229
1.01519133
1.02569369
1.02418358
1.03433418
1.04625382
1.05718537
1.06974554
1.08225227
1.09596315
1.11020512
1.12336946
1.13785115
1.15232233
1.16698855
1.18202396
1.19811937
1.21472288
1.23120579
1.24118971
1.25908249
1.27777281
1.29655894
1.31403607
1.33434555
1.35492720
1.37517663
1.39724888
1.42019480
1.44375882
1.46876486
1.49374616
1.52033261
1.54739354
1.39930335
1.42483035
1.45314192
1.48239500
1.51116033
1.54325394
1.57438796
1.60787354
1.64295284
1.67127772
1.70895663
1.74834004
1.79132301
1.79273552
1.83840298
1.88537630
1.93685976
1.98935641
2.04744328
2.10731351
2.16954230
2.23748200
2.30810898
0.18257956
0.18615100
0.19278116
0.19429996
0.20093152
0.20863780
0.21561708
0.21654495
0.22322341
0.23379540
0.24381029
0.25717360
0.26247475
0.27670465
0.28601778
0.30567356
0.09012289
0.09526798
0.09764545
0.10083526
0.10158069
0.10361317
0.08991109
0.10312209
0.10505528
0.08845010
0.07612433
0.07949762
0.09101590
nan
nan
nan
nan
nan
nan
nan
nan
nan
nan
nan
nan
nan
nan
nan
nan
nan
nan
nan
nan
nan
nan
nan
nan
nan
nan
nan
nan
nan
nan
nan
nan
nan
nan
nan
nan
nan
nan
nan
nan
nan
nan
nan
nan
nan
nan
nan
nan
nan
nan
nan
nan
nan
nan
nan
nan
nan
nan
nan
nan
nan
nan
nan
nan
