1.00270494
1.01016237
1.01755564
1.00038337
1.00273252
1.01280119
1.02156107
1.03265572
1.04470970
1.05693758
1.07037065
1.08210023
1.09046490
1.10267730
1.11573696
1.12647550
1.13975965
1.15445184
1.16802441
1.11813221
1.12959945
1.14660409
1.15614077
1.15827073
1.17269240
1.18971864
1.17507611
1.19101680
1.20996843
1.22930068
1.25049495
1.27040616
1.29010491
1.31309788
1.17297518
1.18774579
1.20902903
1.23272923
1.25507158
1.18844484
1.21118744
1.23174826
1.25685440
1.28069801
1.29101930
1.31723940
1.34993214
0.58752335
0.57945542
0.59199486
0.60477179
0.61235220
0.62613509
0.63593783
0.63087868
0.64928370
0.66310972
0.67857994
0.69784098
0.72295229
0.73106821
0.74773057
0.77522381
0.80247049
0.72501293
0.74398423
0.77970198
0.81188320
0.85491410
0.89165906
0.92288192
0.93637967
1.00017709
0.31207447
0.32695645
0.34287330
0.35965650
0.36282987
0.38949074
0.37689130
0.34818758
0.35748495
0.39099407
0.32299228
0.32979607
0.35983869
nan
nan
nan
nan
nan
nan
nan
nan
nan
nan
nan
nan
nan
nan
nan
nan
nan
nan
nan
nan
nan
nan
nan
nan
nan
nan
nan
nan
nan
nan
nan
nan
nan
nan
nan
nan
nan
nan
nan
nan
nan
nan
nan
nan
nan
nan
nan
nan
nan
nan
nan
nan
nan
nan
nan
nan
nan
nan
nan
nan
nan
nan
nan
nan
