1.00027321
1.00083573
1.00139912
1.00196251
1.00252658
1.00309105
1.00365542
1.00421794
1.00478139
1.00534483
1.00590874
1.00647261
1.00703664
1.00759021
1.00814727
1.00870659
1.00926502
1.00982405
1.01038421
1.01094367
1.01150471
1.01206502
1.01262682
1.01318799
1.01374959
1.01431257
1.01487602
1.01544238
1.01600921
1.01657714
1.01714694
1.01772101
1.01829555
1.01887126
1.01944746
1.02002357
1.02060004
1.02117731
1.02175505
1.02233361
1.02291168
1.02349131
1.02407213
1.02465516
1.02523887
1.02582719
1.02641507
1.02700333
1.02759267
1.02818268
1.02878756
1.02939175
1.02999784
1.03060330
1.03120808
1.03181445
1.03242156
1.03302599
1.03362694
1.03417810
1.03472982
1.03527685
1.03582385
1.03636183
1.03689702
1.03744268
1.03794991
1.03843524
1.03891814
1.03939524
1.03990555
1.04041249
1.04093788
1.04147199
1.04199419
1.04253044
1.04305010
1.04359372
1.04416091
1.04476978
1.04537621
1.04598426
1.04659150
1.04720465
1.04781900
1.04844017
1.04906595
1.04969208
1.05032009
1.05094949
1.05158077
1.05221259
1.05284468
1.05347849
1.05411248
1.05474716
1.05537919
1.05601194
1.05664578
1.05728103
1.05791722
1.05855460
1.05919228
1.05982900
1.06046752
1.06110305
1.06174081
1.06238032
1.06301871
1.06365664
1.06429401
1.06493191
1.06557062
1.06620553
1.06684017
1.06747678
1.06811316
1.06875010
1.06938552
1.07002133
1.07065603
1.07129042
1.07192483
1.07256093
1.07319761
1.07383350
1.07447016
1.07510851
1.07574777
1.07638995
1.07703121
1.07767365
1.07831965
1.07896791
1.07961808
1.08026958
1.08092097
1.08157416
1.08223039
1.08288789
1.08354767
1.08420961
1.08487267
1.08553595
1.08619895
1.08686360
1.08753001
1.08819566
1.08886476
1.08953183
