1.00549575
1.01651156
1.02810486
1.03917805
1.05094665
1.06367157
1.07625460
1.08949354
1.10331826
1.11730898
1.13186685
1.14625637
1.16098684
1.17636480
1.19230712
1.20857522
1.22569441
1.24299389
1.26073016
1.27455196
1.29356984
1.31338888
1.33312012
1.35392950
1.37518686
1.39763455
1.41874391
1.44210832
1.46672351
1.49218764
1.51878244
1.54593369
1.57422481
1.60329807
1.60294554
1.63386492
1.66642026
1.70001220
1.73494112
1.77167704
1.80939592
1.84861200
1.88987200
1.93286548
1.97789711
2.02531610
2.07555149
2.11647958
2.17156174
2.22897490
2.28992892
2.35409170
2.42254942
2.49466211
2.57170397
2.65325026
2.74021575
0.06335889
0.06466722
0.06679680
0.06682330
0.06874895
0.07144937
0.07328366
0.07438924
0.07558215
0.07761577
0.08053861
0.08464816
0.08378878
0.08710038
0.09073568
0.09404909
0.03345971
0.03521767
0.03586881
0.03591126
0.03449626
0.03408786
0.03615076
0.03915174
0.03453868
0.03551669
0.04366712
0.04088378
0.05029667
nan
nan
nan
nan
nan
nan
nan
nan
nan
nan
nan
nan
nan
nan
nan
nan
nan
nan
nan
nan
nan
nan
nan
nan
nan
nan
nan
nan
nan
nan
nan
nan
nan
nan
nan
nan
nan
nan
nan
nan
nan
nan
nan
nan
nan
nan
nan
nan
nan
nan
nan
nan
nan
nan
nan
nan
nan
nan
nan
nan
nan
nan
nan
nan
