1.00201862
1.01167497
1.01920929
1.02547143
1.03367926
1.04293457
1.05331327
1.06243951
1.07486216
1.08867609
1.10151706
1.11342328
1.12498229
1.13738448
1.15279517
1.16647512
1.16729783
1.18217823
1.19696324
1.05068471
1.03836658
1.05370026
1.06873002
1.06208018
1.06855034
1.08326189
1.09682388
1.11149479
1.13044183
1.14660927
1.16655563
1.18247045
1.19851252
1.22108908
1.16000926
1.18146532
1.20027447
1.22356334
1.24845324
1.25133109
1.27793688
1.30468116
1.33269568
1.36224201
1.37353525
1.40294576
1.43800913
0.51904543
0.52119938
0.53060541
0.53971401
0.54305382
0.55776788
0.56904824
0.57349258
0.58551860
0.59811507
0.61316312
0.63199507
0.65514975
0.66654553
0.68818993
0.71445731
0.73833725
0.58115550
0.59508568
0.62458158
0.65568599
0.68650297
0.71217906
0.72604528
0.76391287
0.81744568
0.21761949
0.20531694
0.21441286
0.22086694
0.22416155
0.24555587
0.22139962
0.25408472
0.24738234
0.27511694
0.12993336
0.17061609
0.13685415
nan
nan
nan
nan
nan
nan
nan
nan
nan
nan
nan
nan
nan
nan
nan
nan
nan
nan
nan
nan
nan
nan
nan
nan
nan
nan
nan
nan
nan
nan
nan
nan
nan
nan
nan
nan
nan
nan
nan
nan
nan
nan
nan
nan
nan
nan
nan
nan
nan
nan
nan
nan
nan
nan
nan
nan
nan
nan
nan
nan
nan
nan
nan
nan
