1.00522096
1.01634070
1.02828298
1.03889990
1.04963614
1.06217169
1.07466218
1.08762358
1.10120516
1.11515700
1.12936816
1.14383089
1.15822814
1.17336586
1.18902590
1.20458297
1.22130189
1.23850472
1.25592704
1.26283195
1.28183140
1.30135514
1.31930830
1.34001997
1.36102260
1.38265942
1.40355933
1.42649465
1.45072824
1.47559478
1.50155824
1.52818020
1.55600486
1.58449410
1.59398293
1.62471406
1.65690335
1.68964649
1.72397340
1.76031965
1.79775439
1.83631404
1.87704209
1.91939646
1.96247264
2.00990765
2.05964017
1.97977613
2.03076299
2.08457785
2.14108846
2.20054207
2.26424566
2.33082590
2.40236960
2.47827322
2.55909774
0.09019085
0.09173263
0.09467911
0.09593277
0.09855477
0.10241067
0.10525771
0.10459436
0.10667168
0.11066954
0.11464899
0.12023857
0.12551024
0.12938591
0.13543094
0.14420065
0.04835861
0.04950115
0.05027661
0.05057544
0.04817094
0.05044279
0.05047455
0.05492691
0.05161993
0.05491899
0.07203873
0.06338454
0.08368208
nan
nan
nan
nan
nan
nan
nan
nan
nan
nan
nan
nan
nan
nan
nan
nan
nan
nan
nan
nan
nan
nan
nan
nan
nan
nan
nan
nan
nan
nan
nan
nan
nan
nan
nan
nan
nan
nan
nan
nan
nan
nan
nan
nan
nan
nan
nan
nan
nan
nan
nan
nan
nan
nan
nan
nan
nan
nan
nan
nan
nan
nan
nan
nan
