1.00018437
1.00066689
1.00115141
1.00163494
1.00211755
1.00260017
1.00306515
1.00348991
1.00391450
1.00433849
1.00476730
1.00518682
1.00559004
1.00601509
1.00646356
1.00693395
1.00739166
1.00784876
1.00830618
1.00877609
1.00923109
1.00966060
1.01010153
1.01054274
1.01097671
1.01141906
1.01186512
1.01229110
1.01272030
1.01315875
1.01360605
1.01406654
1.01452597
1.01499096
1.01544480
1.01589050
1.01633049
1.01677294
1.01722053
1.01767020
1.01811055
1.01856016
1.01902066
1.01950206
1.01998154
1.02046608
1.02092760
1.02137686
1.02182700
1.02227403
1.02279857
1.02329664
1.02381441
1.02432680
1.02484407
1.02538219
1.02592025
1.02645253
1.02695202
1.02730471
1.02765924
1.02800344
1.02832748
1.02866644
1.02898520
1.02928520
1.02947833
1.02960707
1.02973655
1.02984767
1.02997111
1.03006211
1.03020386
1.03036961
1.03042335
1.03054985
1.03059989
1.03064354
1.03097437
1.03143025
1.03183264
1.03223377
1.03262924
1.03293627
1.03325767
1.03363338
1.03407883
1.03442375
1.03475059
1.03508897
1.03545289
1.03583433
1.03622369
1.03655537
1.03694818
1.03734732
1.03775926
1.03817150
1.03858316
1.03901113
1.03948113
1.03996187
1.04043718
1.04094961
1.04146397
1.04195318
1.04245734
1.04297171
1.04348536
1.04398637
1.04448334
1.04498216
1.04548256
1.04595961
1.04642723
1.04690142
1.04738710
1.04788109
1.04837666
1.04886802
1.04936196
1.04984470
1.05032105
1.05078983
1.05125640
1.05169251
1.05209948
1.05251156
1.05297346
1.05348843
1.05400139
1.05452792
1.05508470
1.05564344
1.05622445
1.05680269
1.05737668
1.05795883
1.05853573
1.05911208
1.05968459
1.06025738
1.06083073
1.06140607
1.06197900
1.06257399
1.06318900
1.06380225
1.06442815
1.06495432
