1.00569532
1.01739648
1.02942296
1.04175518
1.05436081
1.06725399
1.08044606
1.09398317
1.10785906
1.12218446
1.13684027
1.15186804
1.16730133
1.18316117
1.19949324
1.21624749
1.23350451
1.25124325
1.26947092
1.28810395
1.30755896
1.32755592
1.34825448
1.36956420
1.39146356
1.41420046
1.43770112
1.46190981
1.48700800
1.51295125
1.53982751
1.56767485
1.59657960
1.62650008
1.65670042
1.68901135
1.72267294
1.75764317
1.79410052
1.83216426
1.87186196
1.91324591
1.95652020
2.00182304
2.04934501
2.09911851
2.15154160
2.20606508
2.26386373
2.32470973
2.38905448
2.45704659
2.52908283
2.60538482
2.68649013
2.77277847
2.86496122
0.00907336
0.00900407
0.00917328
0.00901668
0.00915017
0.00933465
0.00935358
0.00956405
0.00950278
0.00941124
0.00945516
0.00966360
0.01003568
0.01022407
0.01066272
0.01125292
0.00981009
0.00991641
0.01001036
0.00986680
0.00969641
0.00955800
0.01025430
0.01099889
0.01054202
0.01085628
0.01249682
0.01221159
0.01379120
nan
nan
nan
nan
nan
nan
nan
nan
nan
nan
nan
nan
nan
nan
nan
nan
nan
nan
nan
nan
nan
nan
nan
nan
nan
nan
nan
nan
nan
nan
nan
nan
nan
nan
nan
nan
nan
nan
nan
nan
nan
nan
nan
nan
nan
nan
nan
nan
nan
nan
nan
nan
nan
nan
nan
nan
nan
nan
nan
nan
nan
nan
nan
nan
