1.00014486
1.00057692
1.00100856
1.00142842
1.00184931
1.00226927
1.00266476
1.00299640
1.00332385
1.00364619
1.00396848
1.00429583
1.00463021
1.00501907
1.00545451
1.00591815
1.00634764
1.00677110
1.00720556
1.00764349
1.00808958
1.00850135
1.00892456
1.00934912
1.00975322
1.01017275
1.01056491
1.01090751
1.01125610
1.01160799
1.01196687
1.01234722
1.01272713
1.01310750
1.01348308
1.01385288
1.01421715
1.01459802
1.01497662
1.01535719
1.01572644
1.01610411
1.01649486
1.01690218
1.01731229
1.01773463
1.01814600
1.01856414
1.01899642
1.01942806
1.01993265
1.02041854
1.02092591
1.02143556
1.02194336
1.02249515
1.02304770
1.02360432
1.02414317
1.02414526
1.02411877
1.02405924
1.02396305
1.02358886
1.02320587
1.02286473
1.02172568
1.02049681
1.01915471
1.01773122
1.01625795
1.01454538
1.01297219
1.01141554
1.00941136
1.00771320
1.00571119
1.00397003
1.00295389
1.00288398
1.00270317
1.00253646
1.00237098
1.00235910
1.00235558
1.00240430
1.00288695
1.00334403
1.00378644
1.00423950
1.00461526
1.00502550
1.00543254
1.00582652
1.00628756
1.00674481
1.00722928
1.00770999
1.00818262
1.00866486
1.00916205
1.00967048
1.01016401
1.01066273
1.01117038
1.01164854
1.01213367
1.01263023
1.01311017
1.01357353
1.01403645
1.01450988
1.01498464
1.01544334
1.01588840
1.01633371
1.01680080
1.01727003
1.01771780
1.01815845
1.01858584
1.01899533
1.01941098
1.01985659
1.02030229
1.02072334
1.02112563
1.02153553
1.02195471
1.02237146
1.02278152
1.02319894
1.02366167
1.02412690
1.02460003
1.02507389
1.02549704
1.02592928
1.02637921
1.02687292
1.02736754
1.02786887
1.02837119
1.02881918
1.02927172
1.02974461
1.03022984
1.03071399
1.03121062
1.03170114
