1.00388225
1.01416135
1.02435735
1.02768303
1.02893801
1.04051614
1.04724418
1.05923427
1.07165347
1.08477384
1.09903659
1.11225231
1.12404754
1.13765554
1.15195345
1.16651151
1.18152212
1.19761912
1.15945172
1.11476233
1.13123006
1.14564182
1.14116874
1.15858494
1.17550819
1.19441818
1.20825372
1.22646482
1.24706231
1.26760589
1.28894758
1.31082181
1.33297127
1.35779024
1.24759068
1.27072717
1.29478448
1.31969982
1.34417521
1.36790527
1.39622005
1.42413033
1.45421953
1.48545909
1.51610227
1.55050908
1.58528765
0.33672046
0.33971467
0.34453157
0.35059031
0.35460539
0.36319514
0.36793324
0.37620575
0.38538456
0.39526148
0.40476590
0.41452870
0.42870571
0.43974625
0.45521367
0.47400142
0.49277551
0.47098193
0.48855105
0.50685215
0.52592159
0.55462712
0.58642978
0.59884670
0.62766856
0.66835358
0.11790903
0.12381029
0.12677528
0.13752202
0.14067789
0.14164410
0.14476065
0.15600773
0.13508579
0.13477310
0.14746086
0.13767688
0.19122455
nan
nan
nan
nan
nan
nan
nan
nan
nan
nan
nan
nan
nan
nan
nan
nan
nan
nan
nan
nan
nan
nan
nan
nan
nan
nan
nan
nan
nan
nan
nan
nan
nan
nan
nan
nan
nan
nan
nan
nan
nan
nan
nan
nan
nan
nan
nan
nan
nan
nan
nan
nan
nan
nan
nan
nan
nan
nan
nan
nan
nan
nan
nan
nan
