1.00461562
1.01495030
1.02581158
1.01469701
1.01901003
1.03075491
1.04169061
1.05386021
1.06646222
1.07907866
1.09314939
1.10628911
1.11917562
1.13283182
1.14728069
1.16225810
1.17745145
1.19362589
1.20756554
1.15841042
1.17522510
1.19299158
1.20544213
1.22135872
1.24048993
1.26050349
1.27807668
1.29790375
1.32002061
1.34246861
1.36463409
1.38749950
1.41065005
1.43668902
1.36661195
1.39201782
1.41773890
1.44598045
1.47369846
1.49957052
1.53072500
1.56339195
1.59733741
1.63173992
1.66380485
1.70183849
1.74182248
0.24128623
0.23729381
0.24007647
0.24471372
0.24714221
0.25217265
0.25589444
0.25009099
0.25497572
0.26054040
0.26464291
0.27255473
0.28176925
0.28588849
0.29662793
0.30716612
0.31746444
0.27501277
0.28217451
0.29174178
0.30667692
0.31359065
0.33153998
0.33250964
0.34153952
0.36088119
0.10857352
0.11394811
0.11578789
0.11605432
0.11084871
0.11155085
0.12228412
0.11887757
0.11944862
0.11600109
0.13999223
0.13461830
0.16531846
nan
nan
nan
nan
nan
nan
nan
nan
nan
nan
nan
nan
nan
nan
nan
nan
nan
nan
nan
nan
nan
nan
nan
nan
nan
nan
nan
nan
nan
nan
nan
nan
nan
nan
nan
nan
nan
nan
nan
nan
nan
nan
nan
nan
nan
nan
nan
nan
nan
nan
nan
nan
nan
nan
nan
nan
nan
nan
nan
nan
nan
nan
nan
nan
