1.00464993
1.01587298
1.02648309
1.03498332
1.04711618
1.05939546
1.07255812
1.08487991
1.09769124
1.11146569
1.12525825
1.13812963
1.15189068
1.16615879
1.18103527
1.19563089
1.21091744
1.22735199
1.21875594
1.22053963
1.23800305
1.25599243
1.27251290
1.28813434
1.30620462
1.32631153
1.34661671
1.36620510
1.38809076
1.41063301
1.43410362
1.45718380
1.48055327
1.50750421
1.50759054
1.53391404
1.56291775
1.59300690
1.62511189
1.65772576
1.69230997
1.72752188
1.76490060
1.80464779
1.84332501
1.88575883
1.93200510
0.23369196
0.23318197
0.23586358
0.23992217
0.24344960
0.25011562
0.25446531
0.25057837
0.25554710
0.26188259
0.26452220
0.27117148
0.25352672
0.25721768
0.26645939
0.26315359
0.26648283
0.26336417
0.27578127
0.28888742
0.30394457
0.31415126
0.28273942
0.28231166
0.29579892
0.31582424
0.07720226
0.07836075
0.08261022
0.08546901
0.08875744
0.08886106
0.09374181
0.10881572
0.09252281
0.08460348
0.11084468
0.13003378
0.15591141
nan
nan
nan
nan
nan
nan
nan
nan
nan
nan
nan
nan
nan
nan
nan
nan
nan
nan
nan
nan
nan
nan
nan
nan
nan
nan
nan
nan
nan
nan
nan
nan
nan
nan
nan
nan
nan
nan
nan
nan
nan
nan
nan
nan
nan
nan
nan
nan
nan
nan
nan
nan
nan
nan
nan
nan
nan
nan
nan
nan
nan
nan
nan
nan
