1.00575274
1.01748793
1.02951492
1.04186118
1.05451583
1.06744976
1.08070547
1.09429707
1.10821266
1.12254053
1.13722507
1.15227297
1.16772785
1.18362878
1.19996692
1.21676839
1.23403401
1.25182697
1.27011096
1.28902829
1.30851407
1.32858099
1.34927654
1.37060302
1.39258513
1.41534368
1.43880262
1.46306606
1.48817913
1.51416278
1.54106811
1.56897025
1.59788836
1.62789109
1.65902103
1.69140312
1.72510317
1.76013569
1.79666672
1.83475723
1.87451830
1.91599908
1.95938387
2.00483258
2.05242460
2.10231595
2.15479931
2.20969380
2.26765352
2.32870239
2.39320845
2.46137187
2.53358968
2.61011831
2.69146348
2.77804198
2.87039151
0.00688127
0.00685400
0.00686862
0.00678299
0.00681554
0.00687879
0.00688697
0.00695355
0.00689862
0.00683331
0.00677084
0.00681827
0.00693509
0.00706458
0.00720250
0.00743934
0.00754965
0.00769115
0.00791321
0.00792903
0.00785507
0.00776384
0.00807827
0.00832851
0.00817920
0.00830778
0.00851182
0.00825898
0.00869675
nan
nan
nan
nan
nan
nan
nan
nan
nan
nan
nan
nan
nan
nan
nan
nan
nan
nan
nan
nan
nan
nan
nan
nan
nan
nan
nan
nan
nan
nan
nan
nan
nan
nan
nan
nan
nan
nan
nan
nan
nan
nan
nan
nan
nan
nan
nan
nan
nan
nan
nan
nan
nan
nan
nan
nan
nan
nan
nan
nan
nan
nan
nan
nan
